1
30
L0 L1 L2 L3 L4 L5 L6 L7 L8 L9 L10 L11 L12 L13 L14 L15 L16 L17 L18 L19 L20 L21 L22 L23 L24 L25 L26 L27 L28 L29

1
406
129 82 5 1 
2 2 2 2 2 1 2 1 2 1 1 1 1 1 2 1 2 2 2 1 1 1 2 2 1 2 1 2 2 2 1 2 2 2 2 2 2 2 1 1 2 2 2 2 2 2 1 2 1 1 2 1 2 1 2 1 1 2 1 2
177 59 101 0 
1 1 2 2 1 1 1 1 1 2 1 2 1 2 2 2 1 2 1 2 1 1 2 2 1 1 1 1 2 1 1 2 1 2 1 2 2 2 1 2 2 2 2 2 1 2 1 1 2 1 2 1 1 1 1 1 2 2 1 1
53 30 6 1 
1 2 2 1 1 2 1 1 1 1 1 1 1 1 2 2 2 1 2 1 1 1 2 1 2 2 1 1 1 1 1 2 2 2 1 1 2 2 1 1 2 2 2 1 1 2 1 1 1 1 1 2 1 2 1 2 2 2 1 1
108 73 46 1 
1 1 2 2 1 1 2 2 2 1 1 2 2 1 2 2 2 2 2 2 1 1 2 2 1 1 2 1 1 1 2 2 2 2 1 2 2 2 1 1 1 2 1 1 2 2 1 1 1 1 1 2 1 1 2 1 2 2 1 2
9 2 3 0 
1 1 2 2 2 1 2 1 1 1 1 1 1 2 2 2 1 2 2 1 1 2 2 1 2 1 2 1 2 1 2 1 2 2 2 1 2 2 2 1 2 1 2 1 2 2 1 1 2 1 2 1 1 1 1 1 2 2 1 1
47 39 31 0 
1 2 2 2 1 1 1 1 1 1 2 1 2 2 2 2 1 2 1 2 1 1 2 2 1 2 2 2 1 1 2 2 2 2 2 1 2 2 2 2 2 2 2 1 2 2 1 2 1 1 1 1 1 1 1 1 2 1 1 1
199 68 116 0 
2 1 1 2 2 1 2 1 2 1 2 2 1 2 2 1 2 2 2 2 1 1 1 2 2 1 1 1 1 1 2 1 2 2 1 1 2 2 2 1 2 1 2 1 2 2 1 1 1 1 2 2 1 1 1 1 2 2 1 1
28 4 11 0 
1 2 2 2 1 2 1 1 1 1 2 2 2 1 2 2 2 1 2 1 1 2 2 1 2 1 1 1 1 1 2 1 2 2 1 1 2 2 1 1 2 1 2 1 2 2 2 1 1 1 2 1 2 1 2 1 1 2 1 1
143 55 64 1 
2 1 2 2 2 1 1 1 2 2 2 2 1 2 2 2 1 1 1 2 1 1 1 1 2 2 1 2 1 2 2 1 2 2 2 2 2 2 1 1 2 2 1 1 2 2 1 1 1 1 1 2 1 2 1 2 2 1 2 1
114 91 100 1 
1 1 2 2 1 1 1 1 2 1 1 2 2 2 1 1 2 2 2 2 1 1 1 2 2 2 2 1 2 1 2 1 2 2 1 2 2 1 1 2 2 1 1 2 2 1 2 1 1 1 1 2 1 1 1 1 2 2 1 1
145 77 47 1 
1 2 2 2 1 1 1 1 1 1 1 1 2 2 2 2 2 2 1 2 1 1 1 2 1 2 1 2 1 1 1 2 2 2 1 2 2 2 1 2 1 2 1 2 2 2 1 1 2 1 1 1 1 1 1 1 2 1 1 1
199 68 116 0 
2 1 1 2 2 1 2 1 2 1 2 2 1 2 2 1 2 2 2 2 1 1 1 2 2 1 1 1 1 1 2 1 2 2 1 1 2 2 2 1 2 1 2 1 2 2 1 1 1 1 2 2 1 1 1 1 2 2 1 1
114 91 100 1 
1 1 2 2 1 1 1 1 2 1 1 2 2 2 1 1 2 2 2 2 1 1 1 2 2 2 2 1 2 1 2 1 2 2 1 2 2 1 1 2 2 1 1 2 2 1 2 1 1 1 1 2 1 1 1 1 2 2 1 1
148 126 37 0 
1 2 2 1 1 2 1 1 1 1 1 2 2 1 2 2 1 1 1 1 1 2 1 1 2 2 1 2 1 1 1 1 2 2 2 2 2 2 2 2 1 2 2 1 2 2 2 1 1 2 2 2 2 2 2 1 1 2 2 1
56 32 37 0 
1 2 2 1 1 2 1 1 2 1 2 2 1 2 2 2 2 1 2 2 1 1 2 1 2 2 2 2 1 1 2 2 2 2 2 1 2 2 1 1 1 2 2 1 2 2 1 2 2 1 2 2 1 2 1 1 2 2 1 1
88 73 46 1 
2 1 1 2 2 1 2 1 2 1 1 2 2 1 2 2 1 2 1 2 2 1 1 2 1 2 2 2 1 1 2 2 2 2 1 2 2 2 1 1 1 2 2 1 2 2 1 1 1 1 1 2 1 1 2 2 2 2 1 1
102 42 58 1 
1 1 2 2 1 1 1 1 1 1 1 2 2 2 1 2 2 2 2 2 1 1 2 2 1 1 1 1 1 1 2 1 2 2 1 1 2 2 1 1 1 1 1 1 2 2 1 1 1 1 1 2 1 1 2 1 2 2 2 1
8 1 3 1 
2 1 1 2 2 1 2 1 2 1 2 2 1 2 2 2 2 1 2 1 1 2 2 1 1 2 1 2 1 1 2 2 2 2 1 2 2 2 2 1 1 2 2 1 2 2 2 2 1 1 2 1 2 1 2 1 1 2 1 2
47 39 31 0 
1 2 2 2 1 1 1 1 1 1 2 1 2 2 2 2 1 2 1 2 1 1 2 2 1 2 2 2 1 1 2 2 2 2 2 1 2 2 2 2 2 2 2 1 2 2 1 2 1 1 1 1 1 1 1 1 2 1 1 1
18 2 3 0 
1 1 2 2 1 1 1 1 2 1 1 1 1 2 2 1 1 2 1 2 1 1 2 1 2 2 2 2 2 1 1 1 1 2 1 1 1 2 1 1 2 1 2 1 2 2 1 1 2 1 2 1 1 1 1 1 2 2 1 1
12 1 3 1 
2 1 2 2 2 1 2 1 2 1 1 1 1 2 2 2 2 1 2 1 1 2 1 1 2 2 1 2 1 1 2 2 2 2 2 1 2 2 2 1 1 1 2 1 2 2 2 1 1 1 2 1 2 1 2 1 1 2 1 1
3 0 0 0 
1 1 2 2 1 1 1 1 1 1 2 1 2 2 2 1 1 2 1 2 2 1 1 2 2 1 2 1 1 1 2 1 2 2 2 1 2 2 1 1 2 1 1 1 2 2 1 2 1 1 1 2 1 1 1 1 2 2 1 2
82 1 63 1 
2 2 2 2 2 2 2 1 2 1 1 2 1 1 2 2 2 2 2 2 1 1 1 2 2 1 1 1 1 2 2 1 2 2 1 2 2 2 2 1 1 2 2 1 2 2 2 1 1 1 2 2 2 1 2 1 1 2 1 1
69 32 51 0 
1 1 2 1 1 2 1 1 2 1 1 2 1 1 2 2 1 1 1 1 1 1 1 1 1 1 2 1 1 1 2 1 2 2 2 2 2 2 1 1 1 1 2 1 2 2 2 2 1 1 2 2 2 2 2 1 1 2 2 1
151 80 116 1 
2 1 1 2 1 1 1 1 1 1 1 2 1 2 2 2 2 2 2 2 1 1 1 1 2 1 1 1 1 1 2 2 2 2 1 1 2 2 1 1 2 1 1 2 2 2 1 1 1 1 1 2 1 1 1 1 2 2 1 1
66 30 49 0 
1 1 2 2 1 1 1 1 1 1 2 1 2 2 1 1 2 2 2 2 1 1 2 2 2 1 1 1 1 1 1 1 2 2 1 2 1 2 1 2 2 1 2 1 1 1 1 1 1 2 2 1 1 1 1 1 2 2 1 1
20 2 3 1 
1 1 2 2 2 1 2 1 2 1 2 1 2 2 2 1 1 2 1 2 1 1 2 2 2 2 2 2 2 1 2 2 1 2 1 1 1 2 2 1 2 1 2 1 1 2 1 1 2 1 2 1 1 1 2 1 2 2 1 2
178 152 136 1 
1 1 2 1 2 1 2 1 2 1 1 2 1 1 2 2 1 2 1 1 1 2 2 1 2 2 2 2 1 1 1 2 2 2 1 1 2 2 1 2 1 1 1 2 2 2 2 1 1 1 1 2 1 1 2 2 2 2 1 1
139 57 90 1 
1 2 2 2 1 1 2 1 1 2 2 1 2 1 2 2 1 1 1 1 2 1 2 2 2 2 2 2 2 2 1 1 2 1 2 1 2 1 1 2 1 2 1 2 2 2 1 2 1 2 2 2 2 1 2 2 2 2 1 1
98 57 48 1 
1 2 2 2 1 1 1 1 1 2 2 2 2 1 1 2 1 1 1 1 1 2 1 1 2 2 2 2 2 1 1 2 2 2 2 1 2 2 1 1 1 2 1 2 2 2 1 1 1 1 2 2 2 1 2 1 2 2 1 2
188 139 15 0 
2 1 2 2 1 1 1 1 2 2 2 2 1 2 2 2 1 1 1 2 1 1 2 2 2 2 2 2 2 2 1 1 1 1 1 2 1 2 2 1 2 2 2 2 2 2 2 1 2 2 2 2 1 2 2 2 2 2 1 1
195 65 37 0 
1 2 2 1 2 2 2 1 1 1 2 2 2 1 2 2 1 1 2 2 1 2 2 1 2 2 2 2 2 1 2 2 2 2 2 1 2 2 1 1 1 2 1 1 2 2 2 2 1 1 2 2 2 2 2 1 2 2 1 1
156 22 101 1 
1 1 2 2 2 1 2 1 1 2 2 2 2 2 2 2 1 2 1 2 2 1 1 2 2 1 2 2 1 1 2 1 2 2 1 2 2 2 1 2 2 2 1 1 2 2 1 1 2 1 2 1 1 1 1 1 2 2 1 1
1 0 0 1 
2 2 2 1 2 2 1 2 2 2 2 1 1 1 2 2 2 1 2 1 1 1 2 1 1 2 1 1 1 1 2 2 2 2 2 1 2 2 2 2 2 1 2 2 2 2 2 1 1 1 2 2 2 1 2 2 1 2 1 1
45 25 18 1 
2 1 2 2 1 1 1 1 1 2 2 1 2 1 2 2 2 1 1 1 2 1 1 2 2 2 1 2 1 1 1 1 2 2 2 1 2 2 1 1 2 1 2 1 1 2 1 1 1 1 2 1 1 1 1 1 2 2 2 1
52 39 28 0 
1 2 2 2 1 1 1 1 1 1 2 2 2 1 2 2 1 1 2 1 1 2 2 1 1 1 1 1 1 1 1 1 2 2 2 1 2 2 2 1 2 1 2 1 2 2 2 1 1 1 1 1 1 2 2 2 1 1 1 1
176 41 93 0 
1 2 2 2 1 1 1 1 1 1 1 1 2 2 1 1 2 2 2 1 1 1 1 1 2 1 1 1 1 1 2 1 2 2 2 2 2 2 1 1 2 2 1 1 2 2 1 2 1 1 1 2 1 1 1 1 2 1 1 1
97 41 26 0 
1 2 2 2 1 2 1 2 1 1 1 1 2 1 2 2 1 1 2 2 1 1 2 2 1 1 1 2 1 2 2 2 2 2 2 2 2 2 1 2 2 2 1 2 2 2 2 1 1 2 1 2 1 1 1 1 2 2 1 2
16 2 3 0 
1 1 2 2 1 1 1 1 2 1 2 2 2 2 2 2 1 1 1 1 1 2 2 2 2 1 2 1 2 1 2 2 2 2 2 2 2 2 1 1 2 1 2 1 1 2 1 2 2 1 2 1 2 1 2 1 2 2 1 1
75 57 34 0 
1 2 2 2 1 1 2 1 1 2 2 1 2 1 2 2 1 1 1 2 1 1 1 2 2 2 2 2 2 2 1 2 2 2 2 1 2 2 1 2 2 2 1 2 2 2 1 1 1 1 2 2 2 2 2 2 2 2 1 1
34 2 6 0 
2 1 2 2 1 1 1 1 2 1 2 1 1 1 2 2 1 1 2 2 1 2 2 1 2 2 2 1 2 1 2 2 2 2 2 1 2 2 2 2 2 2 2 2 2 2 1 1 2 1 2 2 1 2 1 2 2 2 1 1
122 80 18 1 
2 1 2 2 1 1 1 1 2 1 2 1 1 2 2 2 2 2 2 2 1 1 1 1 2 2 2 2 1 2 1 1 2 1 1 1 2 1 1 1 2 2 1 1 2 2 2 1 1 1 1 1 1 1 1 1 2 2 2 1
78 36 5 1 
2 2 1 2 2 2 2 2 1 1 1 1 2 2 2 1 1 2 1 1 1 1 1 2 1 2 1 2 1 2 1 2 2 2 2 2 2 2 2 2 1 2 2 2 2 2 2 1 2 2 2 2 2 1 1 1 2 2 1 1
196 67 16 0 
2 1 2 2 1 1 1 1 2 2 2 2 1 2 2 2 1 1 2 1 1 1 1 2 2 2 1 2 1 1 2 2 2 2 2 2 2 2 2 1 2 2 2 2 2 1 1 1 2 2 2 2 1 2 1 2 1 2 1 1
169 128 117 0 
1 1 2 2 1 2 1 1 1 1 2 2 2 2 2 2 2 1 2 2 1 1 1 1 2 2 2 2 1 2 1 2 1 2 1 2 1 2 1 2 2 2 2 2 1 2 1 1 1 1 1 2 1 2 1 1 2 2 1 2
137 121 111 0 
1 2 2 1 1 2 1 1 1 1 1 1 2 1 2 2 2 1 1 2 1 1 2 1 1 2 2 2 2 1 2 1 2 2 1 2 2 2 1 1 1 1 1 1 2 2 1 2 1 1 2 2 1 1 1 1 2 2 2 1
121 60 26 1 
1 2 2 2 1 2 1 2 1 1 1 1 2 1 1 2 2 1 1 2 1 1 1 2 2 1 1 2 1 2 2 2 2 2 1 2 2 2 1 1 1 2 1 2 2 2 1 1 1 2 1 2 1 1 1 1 2 2 1 2
26 2 23 0 
2 2 2 2 2 1 2 1 1 1 1 1 1 1 2 2 1 1 2 2 1 1 2 2 2 1 2 2 2 2 1 2 1 2 1 2 1 2 1 2 2 2 2 2 2 2 1 1 2 2 2 2 2 1 1 1 2 2 1 2
128 110 46 1 
1 1 2 2 1 1 1 2 1 1 1 2 2 2 2 2 2 1 2 2 1 1 1 2 2 1 2 1 1 1 1 1 1 2 1 2 1 2 1 1 2 2 2 1 1 2 1 1 1 1 1 2 1 1 1 1 2 2 1 2
143 55 64 1 
2 1 2 2 2 1 1 1 2 2 2 2 1 2 2 2 1 1 1 2 1 1 1 1 2 2 1 2 1 2 2 1 2 2 2 2 2 2 1 1 2 2 1 1 2 2 1 1 1 1 1 2 1 2 1 2 2 1 2 1
128 110 46 1 
1 1 2 2 1 1 1 2 1 1 1 2 2 2 2 2 2 1 2 2 1 1 1 2 2 1 2 1 1 1 1 1 1 2 1 2 1 2 1 1 2 2 2 1 1 2 1 1 1 1 1 2 1 1 1 1 2 2 1 2
203 109 169 1 
1 1 2 2 1 2 1 1 1 1 1 2 1 2 2 2 1 1 2 2 2 1 1 1 1 2 1 2 1 2 2 2 2 1 1 1 2 1 2 1 1 2 1 2 2 1 1 1 2 1 2 1 1 1 1 1 1 2 1 2
147 80 113 1 
2 2 1 2 1 1 1 1 1 1 1 2 1 1 2 2 2 2 2 2 1 1 1 1 2 1 1 1 1 1 1 2 2 2 1 2 2 2 1 1 2 2 1 2 2 2 2 1 1 1 1 2 1 1 1 1 2 2 2 1
109 50 49 1 
1 1 1 2 2 1 1 1 1 1 2 1 2 1 1 2 2 1 1 2 1 2 2 1 1 1 2 1 1 1 2 2 2 2 2 1 2 2 2 2 2 1 1 1 2 1 1 1 1 2 2 2 1 1 2 1 1 2 1 2
24 12 11 0 
1 1 2 2 1 1 1 1 2 1 1 2 1 2 2 2 2 1 1 1 1 1 1 2 2 2 1 1 1 1 2 2 2 2 2 1 2 2 2 2 1 1 1 2 2 2 2 1 1 1 2 2 1 1 1 2 2 2 1 1
166 39 70 0 
1 2 2 2 1 1 1 1 1 1 2 2 2 2 2 2 1 2 1 2 1 1 2 2 1 2 2 2 1 1 1 1 2 2 2 2 2 2 2 1 2 2 2 2 2 1 2 1 1 1 2 1 1 1 2 1 1 2 1 1
11 1 3 0 
2 1 2 2 2 1 1 1 2 1 2 2 1 2 2 2 1 1 2 1 1 2 2 1 2 1 1 1 1 1 2 1 2 2 2 1 2 2 2 1 1 1 2 1 2 2 1 1 1 1 2 1 1 1 2 1 2 2 1 1
145 77 47 1 
1 2 2 2 1 1 1 1 1 1 1 1 2 2 2 2 2 2 1 2 1 1 1 2 1 2 1 2 1 1 1 2 2 2 1 2 2 2 1 2 1 2 1 2 2 2 1 1 2 1 1 1 1 1 1 1 2 1 1 1
111 29 18 0 
2 1 1 2 2 1 1 1 1 1 2 1 1 1 2 2 1 1 1 2 1 1 1 1 2 2 2 2 1 1 2 1 2 2 2 1 2 2 1 1 2 1 1 1 2 2 2 1 1 1 2 1 1 1 1 1 2 2 1 1
22 2 3 1 
2 1 2 2 2 1 2 1 1 1 1 2 1 2 2 2 1 1 1 1 1 2 2 1 2 2 2 2 2 1 2 2 2 2 2 1 2 2 1 1 2 2 2 1 2 2 1 1 2 1 2 1 1 1 1 1 2 2 1 1
66 30 49 0 
1 1 2 2 1 1 1 1 1 1 2 1 2 2 1 1 2 2 2 2 1 1 2 2 2 1 1 1 1 1 1 1 2 2 1 2 1 2 1 2 2 1 2 1 1 1 1 1 1 2 2 1 1 1 1 1 2 2 1 1
7 2 3 1 
2 1 2 2 2 1 2 1 1 1 2 2 2 2 2 1 1 2 2 2 1 1 2 1 2 2 2 1 2 1 2 1 2 2 2 1 2 2 1 1 2 2 2 1 1 2 1 1 2 1 2 1 2 1 2 1 2 2 1 1
87 14 63 0 
1 1 2 2 1 1 1 1 1 2 1 2 1 1 2 2 1 2 2 2 1 1 1 2 1 1 1 1 1 2 2 1 2 2 2 2 2 2 2 1 1 2 1 1 2 2 2 1 1 2 1 2 1 1 1 1 1 2 1 1
36 14 16 1 
2 1 1 2 2 1 2 1 1 1 1 2 2 2 2 2 1 1 1 1 1 2 1 2 1 1 1 1 1 2 1 2 2 2 2 2 2 2 2 1 1 1 2 1 2 2 2 2 1 2 2 2 2 2 1 1 2 2 1 1
133 14 43 1 
2 2 1 2 1 1 1 1 1 1 1 2 2 2 1 1 2 2 1 1 1 1 1 1 1 2 1 1 1 1 1 2 2 2 1 2 2 2 2 2 1 1 2 1 2 2 2 2 1 1 2 2 2 1 2 1 1 2 1 2
150 125 112 1 
1 1 2 2 1 1 2 1 1 1 1 2 2 2 1 2 2 1 2 1 2 1 1 2 2 1 1 1 1 1 2 2 2 2 1 2 2 2 2 1 2 2 1 1 2 2 1 2 1 1 1 1 1 1 2 1 2 2 2 2
159 78 63 1 
2 2 2 2 2 2 2 1 1 1 1 2 2 1 1 2 2 1 1 2 1 1 2 1 2 1 2 1 2 2 1 2 2 2 2 2 2 2 2 1 2 2 2 1 2 2 2 2 2 2 2 2 1 1 1 2 2 1 1 1
59 2 38 1 
1 1 2 2 1 1 1 1 1 1 1 1 1 2 2 1 1 2 1 1 1 1 2 2 2 1 2 1 2 1 1 2 1 2 1 2 1 2 1 1 2 2 2 1 1 2 1 2 2 1 2 1 1 1 1 1 2 2 1 1
51 36 37 0 
1 2 2 1 1 2 1 1 1 1 2 2 2 1 2 2 1 1 1 2 1 1 1 1 1 2 1 2 1 2 1 1 2 2 2 1 2 2 1 1 1 2 1 1 2 2 2 2 2 1 2 2 2 2 1 1 2 2 1 1
162 36 38 0 
2 1 2 2 1 2 2 1 1 1 2 1 2 2 2 1 1 2 1 2 1 1 1 2 1 1 1 1 2 1 2 2 2 2 2 2 2 2 1 1 1 2 1 2 2 2 2 1 2 1 2 2 2 2 1 2 2 1 1 1
92 54 21 1 
1 2 2 2 1 1 2 1 2 2 2 2 1 2 2 1 2 2 2 2 1 1 2 2 2 1 2 1 1 1 2 1 2 2 1 2 2 2 1 2 2 2 1 2 2 1 1 1 1 2 1 2 1 2 1 1 1 2 1 1
187 143 66 1 
2 1 2 2 1 1 1 1 2 1 2 2 2 2 2 1 1 2 2 2 1 1 1 2 2 2 2 1 2 1 1 1 2 2 2 1 2 1 1 1 2 1 1 1 2 1 1 1 1 1 2 2 2 1 2 1 1 2 1 1
71 32 5 1 
1 2 2 2 1 2 1 1 2 1 1 1 1 1 2 2 1 2 1 2 1 1 2 1 2 2 2 1 1 1 1 2 2 2 2 2 1 2 1 1 2 2 2 2 2 2 1 2 2 1 2 1 1 1 1 1 1 2 2 2
124 83 106 1 
1 2 2 2 1 1 2 1 1 1 2 2 2 2 2 2 2 1 1 2 1 1 1 2 2 1 1 2 1 1 2 2 2 2 2 2 2 2 1 2 1 2 1 2 2 2 1 1 1 1 2 2 1 1 1 2 2 2 1 2
112 8 3 0 
2 1 1 2 2 1 2 1 2 1 2 2 1 2 2 2 1 1 1 1 1 1 2 2 1 1 1 1 1 1 2 2 2 2 2 2 2 2 1 1 2 2 1 1 2 2 2 2 1 1 1 2 1 1 1 1 2 2 2 1
181 57 163 1 
1 1 2 2 1 1 2 2 1 2 2 2 2 2 2 2 1 2 1 2 2 1 2 2 2 2 2 2 2 1 1 1 2 2 2 2 2 2 1 1 2 2 1 1 2 2 1 1 1 1 2 2 2 1 2 1 2 2 1 2
171 45 51 1 
2 1 2 2 1 1 1 1 1 1 2 2 1 2 2 2 2 1 1 1 2 1 1 1 2 2 1 2 1 1 1 1 2 2 2 1 2 2 1 1 1 2 1 1 2 2 1 2 1 2 2 2 1 2 1 1 2 2 2 1
148 126 37 0 
1 2 2 1 1 2 1 1 1 1 1 2 2 1 2 2 1 1 1 1 1 2 1 1 2 2 1 2 1 1 1 1 2 2 2 2 2 2 2 2 1 2 2 1 2 2 2 1 1 2 2 2 2 2 2 1 1 2 2 1
151 80 116 1 
2 1 1 2 1 1 1 1 1 1 1 2 1 2 2 2 2 2 2 2 1 1 1 1 2 1 1 1 1 1 2 2 2 2 1 1 2 2 1 1 2 1 1 2 2 2 1 1 1 1 1 2 1 1 1 1 2 2 1 1
41 13 3 1 
1 1 2 2 1 1 1 1 1 1 1 1 2 2 1 2 2 1 2 2 1 1 1 2 2 1 1 1 1 1 2 2 2 2 2 2 2 2 1 1 2 2 1 1 2 2 1 2 1 1 1 2 1 1 1 1 1 2 1 1
149 121 9 0 
2 1 2 2 1 2 1 2 1 1 1 1 2 1 1 2 2 1 2 2 1 1 2 2 1 2 2 2 2 2 2 2 2 2 2 1 2 2 1 2 1 2 1 2 2 2 1 1 1 2 1 2 1 1 1 1 2 2 2 1
189 155 119 1 
1 2 2 1 1 2 1 2 2 1 2 2 2 2 2 2 1 2 1 2 2 1 2 2 2 1 2 1 2 1 2 2 2 2 2 1 2 2 1 2 1 1 1 2 2 2 1 2 1 1 1 2 1 2 1 1 2 2 1 2
132 65 56 1 
1 2 2 1 1 2 1 1 2 1 2 2 2 2 2 2 1 1 2 2 1 1 2 1 2 2 2 2 2 1 2 2 2 2 2 2 2 2 1 1 2 2 1 1 2 2 2 1 1 2 2 2 2 1 2 1 2 2 1 1
131 78 115 0 
2 2 1 2 2 1 2 1 1 1 1 1 2 2 2 1 1 2 1 2 1 1 2 2 2 2 2 2 2 1 1 1 2 2 2 2 2 2 2 2 2 2 2 1 2 2 1 1 2 1 2 1 1 1 1 1 2 2 1 2
55 1 5 1 
2 2 2 2 2 1 1 1 2 1 2 1 1 1 2 2 1 1 1 1 1 1 1 2 2 2 1 2 1 2 2 2 2 2 2 2 2 2 2 1 1 2 2 1 2 2 1 2 1 1 2 1 1 1 2 1 2 2 1 2
32 17 18 1 
2 1 2 2 1 1 1 1 2 2 2 1 1 1 2 2 2 1 2 1 1 1 1 2 1 2 2 2 1 1 2 1 2 1 2 1 2 1 1 1 1 2 2 2 2 2 2 1 1 2 2 2 2 1 2 1 1 2 2 1
25 7 10 1 
2 1 2 2 1 1 1 2 1 1 2 2 2 2 1 2 2 2 2 1 1 2 1 1 2 2 1 2 1 2 1 1 2 1 2 2 2 1 1 1 2 2 1 2 2 1 1 1 2 1 1 2 1 1 1 1 2 2 1 2
98 57 48 1 
1 2 2 2 1 1 1 1 1 2 2 2 2 1 1 2 1 1 1 1 1 2 1 1 2 2 2 2 2 1 1 2 2 2 2 1 2 2 1 1 1 2 1 2 2 2 1 1 1 1 2 2 2 1 2 1 2 2 1 2
189 155 119 1 
1 2 2 1 1 2 1 2 2 1 2 2 2 2 2 2 1 2 1 2 2 1 2 2 2 1 2 1 2 1 2 2 2 2 2 1 2 2 1 2 1 1 1 2 2 2 1 2 1 1 1 2 1 2 1 1 2 2 1 2
46 39 10 0 
1 1 2 2 1 1 1 2 1 1 2 2 2 1 2 2 1 2 2 2 1 1 2 2 1 2 1 2 1 1 1 2 2 2 2 2 2 2 1 1 2 2 1 1 2 2 1 1 1 1 2 2 1 1 2 1 2 2 1 2
37 17 21 0 
2 2 1 2 2 1 1 1 1 1 2 2 1 2 2 2 1 1 1 2 2 1 1 2 2 2 2 2 1 2 2 1 2 2 1 2 2 2 1 2 2 2 1 2 2 1 2 1 1 2 2 2 2 2 1 1 2 2 1 1
122 80 18 1 
2 1 2 2 1 1 1 1 2 1 2 1 1 2 2 2 2 2 2 2 1 1 1 1 2 2 2 2 1 2 1 1 2 1 1 1 2 1 1 1 2 2 1 1 2 2 2 1 1 1 1 1 1 1 1 1 2 2 2 1
54 25 31 1 
1 2 2 2 1 1 2 1 1 2 2 2 2 1 2 2 2 2 2 2 1 1 1 2 2 2 1 2 1 1 1 2 2 2 2 1 1 2 1 1 2 2 2 1 1 2 1 1 1 1 1 1 1 1 1 1 2 1 2 1
64 13 21 0 
1 1 2 2 1 1 2 1 1 2 1 2 2 2 1 2 2 1 2 2 1 1 1 2 2 2 1 2 1 2 1 1 2 2 2 2 2 2 2 1 1 2 2 1 2 2 1 2 1 1 2 1 2 1 2 1 1 2 1 1
67 19 34 1 
1 2 2 2 1 1 1 1 2 2 2 2 1 1 1 2 2 1 2 2 1 1 1 1 2 2 1 1 1 2 2 2 2 2 2 2 2 2 1 2 2 2 1 2 2 2 2 1 1 2 2 2 1 1 1 1 1 2 1 1
18 2 3 0 
1 1 2 2 1 1 1 1 2 1 1 1 1 2 2 1 1 2 1 2 1 1 2 1 2 2 2 2 2 1 1 1 1 2 1 1 1 2 1 1 2 1 2 1 2 2 1 1 2 1 2 1 1 1 1 1 2 2 1 1
71 32 5 1 
1 2 2 2 1 2 1 1 2 1 1 1 1 1 2 2 1 2 1 2 1 1 2 1 2 2 2 1 1 1 1 2 2 2 2 2 1 2 1 1 2 2 2 2 2 2 1 2 2 1 2 1 1 1 1 1 1 2 2 2
115 71 31 0 
2 2 2 2 2 1 1 1 1 1 1 1 1 2 2 1 2 2 2 2 1 1 2 2 2 2 2 2 1 1 1 2 2 2 2 1 2 2 1 2 2 2 2 1 2 2 1 1 2 1 2 1 1 1 1 1 1 2 2 2
56 32 37 0 
1 2 2 1 1 2 1 1 2 1 2 2 1 2 2 2 2 1 2 2 1 1 2 1 2 2 2 2 1 1 2 2 2 2 2 1 2 2 1 1 1 2 2 1 2 2 1 2 2 1 2 2 1 2 1 1 2 2 1 1
200 14 47 1 
1 2 2 2 1 1 1 1 1 1 1 1 2 2 1 2 2 2 2 2 1 1 1 2 1 1 1 2 1 1 2 2 2 2 2 1 2 2 1 2 1 2 2 2 2 2 2 1 1 1 2 1 1 1 1 1 2 2 1 1
102 42 58 1 
1 1 2 2 1 1 1 1 1 1 1 2 2 2 1 2 2 2 2 2 1 1 2 2 1 1 1 1 1 1 2 1 2 2 1 1 2 2 1 1 1 1 1 1 2 2 1 1 1 1 1 2 1 1 2 1 2 2 2 1
201 41 93 0 
1 1 2 2 1 1 1 1 1 1 1 1 2 2 1 1 2 2 2 1 1 1 2 2 1 1 1 1 1 1 2 1 2 2 2 1 2 2 1 1 2 2 1 1 2 2 1 2 1 1 2 1 1 1 1 1 1 1 1 1
180 110 149 1 
1 1 2 2 1 2 1 2 1 1 1 1 1 1 2 2 1 1 1 2 1 1 1 2 2 2 1 2 2 2 1 2 1 2 1 2 1 2 1 1 2 1 1 1 2 2 1 1 2 1 2 1 1 1 1 1 2 2 1 2
31 8 23 0 
2 2 2 2 1 1 1 1 2 1 2 1 1 2 2 1 2 2 2 2 2 1 1 2 2 2 2 2 1 1 2 2 2 2 1 2 2 2 2 1 2 2 1 1 2 2 2 1 1 1 1 1 1 1 1 1 1 2 1 2
119 82 33 0 
2 2 2 1 2 2 2 2 1 1 2 2 1 2 2 2 2 2 2 2 1 1 2 2 1 1 1 2 1 1 2 2 2 2 1 1 2 2 2 1 1 1 2 1 2 2 2 1 1 1 2 1 2 1 2 1 1 2 1 2
84 30 58 1 
1 1 2 2 1 1 1 2 1 1 1 2 2 2 1 1 2 2 2 2 1 1 1 2 2 1 2 1 2 1 1 1 2 2 1 2 2 2 1 1 2 2 2 1 2 2 1 1 2 1 2 1 1 1 1 1 2 2 1 1
134 13 93 1 
2 1 1 2 2 1 2 1 2 1 1 1 2 2 1 1 2 2 2 1 1 1 2 1 1 1 1 1 1 1 2 1 2 2 2 1 2 2 1 1 2 2 1 1 2 2 1 2 1 1 1 2 1 1 2 1 2 1 1 1
150 125 112 1 
1 1 2 2 1 1 2 1 1 1 1 2 2 2 1 2 2 1 2 1 2 1 1 2 2 1 1 1 1 1 2 2 2 2 1 2 2 2 2 1 2 2 1 1 2 2 1 2 1 1 1 1 1 1 2 1 2 2 2 2
28 4 11 0 
1 2 2 2 1 2 1 1 1 1 2 2 2 1 2 2 2 1 2 1 1 2 2 1 2 1 1 1 1 1 2 1 2 2 1 1 2 2 1 1 2 1 2 1 2 2 2 1 1 1 2 1 2 1 2 1 1 2 1 1
160 134 76 1 
1 1 2 2 1 1 1 1 1 2 1 1 2 2 1 2 2 1 1 1 1 1 1 2 1 2 1 2 1 2 2 1 2 2 2 2 2 2 1 1 2 2 1 2 2 2 2 2 1 1 2 2 1 2 1 2 1 2 1 1
64 13 21 0 
1 1 2 2 1 1 2 1 1 2 1 2 2 2 1 2 2 1 2 2 1 1 1 2 2 2 1 2 1 2 1 1 2 2 2 2 2 2 2 1 1 2 2 1 2 2 1 2 1 1 2 1 2 1 2 1 1 2 1 1
79 22 47 1 
2 1 2 2 1 1 1 1 1 1 2 2 1 2 2 2 1 1 1 1 1 1 1 2 2 1 2 2 2 1 2 2 2 2 1 1 2 2 1 2 2 2 1 1 2 2 1 2 2 1 2 1 1 1 1 1 2 2 1 1
107 36 51 0 
1 2 2 1 1 2 2 1 1 1 1 2 2 2 2 2 1 1 1 2 1 1 1 1 1 1 1 1 1 1 1 1 2 2 2 2 2 2 2 1 1 2 1 1 2 2 2 2 2 1 2 2 2 2 1 1 2 2 1 1
35 1 3 1 
2 1 1 2 2 1 2 1 2 1 1 1 1 2 2 2 2 1 1 1 1 2 2 1 2 2 1 2 1 1 2 2 2 2 1 1 2 2 2 1 2 2 2 1 2 2 2 2 1 1 2 1 1 1 2 1 1 2 1 2
5 2 3 0 
2 1 2 2 2 1 2 1 1 1 1 1 1 2 2 1 1 2 1 2 1 1 2 1 2 2 2 1 2 1 2 2 2 2 2 2 2 2 2 1 2 2 2 1 2 2 1 2 2 1 2 1 1 1 1 1 2 2 1 2
105 82 101 0 
2 1 2 2 2 1 1 1 2 2 1 2 1 2 2 2 2 1 2 2 1 1 1 2 2 1 1 1 1 1 2 2 2 2 1 1 2 2 2 2 2 2 1 2 2 2 1 1 1 1 2 1 1 1 1 1 1 1 1 1
125 14 31 1 
1 2 2 2 1 1 2 1 1 2 1 2 2 1 1 2 2 2 2 2 1 2 1 1 1 2 1 2 1 1 1 2 2 2 1 1 2 2 1 2 1 2 1 1 2 2 1 2 1 1 1 1 1 1 2 1 1 2 1 2
15 2 3 0 
1 1 2 2 1 1 1 1 2 1 2 1 2 2 2 2 1 1 2 1 1 2 2 2 2 1 2 1 2 1 1 1 1 2 2 2 2 2 2 1 2 1 2 1 2 2 1 2 2 1 2 2 2 1 2 1 2 2 1 2
192 7 130 0 
2 1 2 2 2 1 2 1 1 2 2 2 2 2 2 2 1 1 2 1 1 1 1 1 2 2 1 2 1 1 1 2 2 2 1 2 2 2 1 1 2 2 2 1 1 2 1 2 2 1 2 1 1 1 1 1 2 2 1 2
194 29 31 1 
2 2 1 2 2 1 1 1 1 2 2 1 2 2 1 2 1 2 2 2 1 2 2 1 1 2 2 2 2 1 2 2 2 2 2 2 2 2 1 1 2 2 1 1 2 2 1 1 2 1 2 1 1 1 2 1 1 2 1 2
191 182 141 0 
1 1 2 1 1 1 1 1 1 2 2 2 1 1 1 2 2 1 2 2 1 1 1 1 2 1 1 1 1 2 2 1 2 2 2 2 2 2 1 2 1 2 1 1 2 2 2 2 1 2 2 2 1 1 2 1 1 2 1 1
191 182 141 0 
1 1 2 1 1 1 1 1 1 2 2 2 1 1 1 2 2 1 2 2 1 1 1 1 2 1 1 1 1 2 2 1 2 2 2 2 2 2 1 2 1 2 1 1 2 2 2 2 1 2 2 2 1 1 2 1 1 2 1 1
57 7 15 1 
1 1 2 2 1 1 2 1 1 1 2 1 2 2 1 2 2 1 2 1 1 2 1 2 2 2 2 2 2 2 1 1 2 1 2 2 2 2 1 1 2 1 1 1 2 2 1 1 1 1 2 2 2 2 2 2 2 2 1 1
180 110 149 1 
1 1 2 2 1 2 1 2 1 1 1 1 1 1 2 2 1 1 1 2 1 1 1 2 2 2 1 2 2 2 1 2 1 2 1 2 1 2 1 1 2 1 1 1 2 2 1 1 2 1 2 1 1 1 1 1 2 2 1 2
76 32 15 0 
2 1 2 2 1 1 1 1 2 2 2 1 1 2 2 2 1 1 1 1 1 1 2 2 2 2 2 2 1 2 1 1 2 1 2 2 1 2 1 2 1 2 2 2 2 2 2 2 1 2 2 2 2 2 2 2 2 2 1 1
100 78 66 0 
2 1 1 2 2 1 2 1 1 1 1 2 2 2 1 1 1 2 1 2 1 1 1 2 1 2 1 1 1 1 1 1 2 2 2 1 2 1 2 1 1 2 2 2 2 1 2 1 2 1 2 2 1 1 1 1 2 2 1 1
65 7 16 1 
1 1 2 2 2 1 2 1 1 2 2 2 2 2 2 2 1 1 2 1 1 2 2 2 2 2 2 2 2 1 2 2 2 2 2 2 2 2 1 1 2 1 1 1 2 2 1 2 2 1 2 2 2 2 2 2 2 2 1 1
175 99 106 1 
1 2 2 2 1 1 1 1 1 1 2 2 1 2 2 1 1 2 2 1 2 1 1 2 1 1 1 2 2 1 2 2 2 2 1 2 2 2 1 2 1 2 1 1 1 2 1 1 2 1 2 1 2 1 1 1 2 2 1 1
101 39 47 0 
1 1 2 2 1 1 1 1 2 1 2 2 2 2 2 2 1 2 2 2 1 1 2 2 1 1 1 2 1 1 1 2 2 2 2 1 2 2 2 2 2 2 1 2 2 2 1 1 1 1 1 1 1 1 2 1 1 2 1 1
108 73 46 1 
1 1 2 2 1 1 2 2 2 1 1 2 2 1 2 2 2 2 2 2 1 1 2 2 1 1 2 1 1 1 2 2 2 2 1 2 2 2 1 1 1 2 1 1 2 2 1 1 1 1 1 2 1 1 2 1 2 2 1 2
146 125 117 0 
2 1 2 2 1 1 1 2 1 2 1 1 2 1 2 2 2 2 2 2 1 1 1 2 1 2 2 2 1 2 2 2 2 2 1 2 2 2 2 2 2 2 1 2 2 2 1 1 1 1 1 2 1 1 1 1 1 2 1 1
57 7 15 1 
1 1 2 2 1 1 2 1 1 1 2 1 2 2 1 2 2 1 2 1 1 2 1 2 2 2 2 2 2 2 1 1 2 1 2 2 2 2 1 1 2 1 1 1 2 2 1 1 1 1 2 2 2 2 2 2 2 2 1 1
78 36 5 1 
2 2 1 2 2 2 2 2 1 1 1 1 2 2 2 1 1 2 1 1 1 1 1 2 1 2 1 2 1 2 1 2 2 2 2 2 2 2 2 2 1 2 2 2 2 2 2 1 2 2 2 2 2 1 1 1 2 2 1 1
126 77 104 1 
1 1 1 2 2 1 2 1 2 1 1 1 1 2 2 2 2 1 2 1 1 1 1 1 1 2 1 2 1 2 1 1 2 2 1 2 2 2 2 1 1 1 2 1 2 2 1 2 1 1 1 2 1 2 1 2 2 1 1 2
178 152 136 1 
1 1 2 1 2 1 2 1 2 1 1 2 1 1 2 2 1 2 1 1 1 2 2 1 2 2 2 2 1 1 1 2 2 2 1 1 2 2 1 2 1 1 1 2 2 2 2 1 1 1 1 2 1 1 2 2 2 2 1 1
44 2 6 0 
1 1 2 2 2 2 2 2 1 2 2 1 2 1 2 2 1 1 1 1 1 1 2 1 2 2 2 2 2 1 1 2 1 2 1 1 1 2 1 2 2 2 2 2 2 2 1 1 2 1 2 2 1 1 2 1 2 2 1 2
182 83 43 1 
1 1 2 2 1 1 1 1 1 1 2 2 1 2 1 1 2 2 1 2 2 1 1 1 2 2 1 1 1 1 2 2 2 2 2 1 2 2 1 1 1 1 1 1 2 2 1 2 1 1 1 2 1 1 1 2 2 1 1 1
195 65 37 0 
1 2 2 1 2 2 2 1 1 1 2 2 2 1 2 2 1 1 2 2 1 2 2 1 2 2 2 2 2 1 2 2 2 2 2 1 2 2 1 1 1 2 1 1 2 2 2 2 1 1 2 2 2 2 2 1 2 2 1 1
14 1 3 1 
2 1 1 2 2 1 2 1 2 1 1 1 1 2 2 1 1 2 1 2 1 1 1 1 1 1 1 1 1 1 2 1 2 2 2 1 2 2 2 1 1 1 2 1 2 2 2 1 1 1 2 1 2 1 2 1 1 2 1 1
82 1 63 1 
2 2 2 2 2 2 2 1 2 1 1 2 1 1 2 2 2 2 2 2 1 1 1 2 2 1 1 1 1 2 2 1 2 2 1 2 2 2 2 1 1 2 2 1 2 2 2 1 1 1 2 2 2 1 2 1 1 2 1 1
55 1 5 1 
2 2 2 2 2 1 1 1 2 1 2 1 1 1 2 2 1 1 1 1 1 1 1 2 2 2 1 2 1 2 2 2 2 2 2 2 2 2 2 1 1 2 2 1 2 2 1 2 1 1 2 1 1 1 2 1 2 2 1 2
121 60 26 1 
1 2 2 2 1 2 1 2 1 1 1 1 2 1 1 2 2 1 1 2 1 1 1 2 2 1 1 2 1 2 2 2 2 2 1 2 2 2 1 1 1 2 1 2 2 2 1 1 1 2 1 2 1 1 1 1 2 2 1 2
165 53 136 1 
2 1 1 2 1 2 1 1 1 2 1 2 1 1 2 2 2 2 1 1 1 2 1 1 2 2 1 2 1 1 2 2 2 1 1 2 2 2 1 2 2 2 2 2 1 2 1 1 1 1 1 2 1 1 2 1 2 2 1 1
49 20 9 0 
1 1 2 2 1 1 1 1 1 1 1 1 2 1 1 2 2 1 2 2 1 2 2 1 2 1 2 1 1 1 2 1 2 2 1 2 2 2 2 2 1 2 1 2 1 2 1 1 2 1 2 1 1 1 1 1 2 2 2 1
147 80 113 1 
2 2 1 2 1 1 1 1 1 1 1 2 1 1 2 2 2 2 2 2 1 1 1 1 2 1 1 1 1 1 1 2 2 2 1 2 2 2 1 1 2 2 1 2 2 2 2 1 1 1 1 2 1 1 1 1 2 2 2 1
156 22 101 1 
1 1 2 2 2 1 2 1 1 2 2 2 2 2 2 2 1 2 1 2 2 1 1 2 2 1 2 2 1 1 2 1 2 2 1 2 2 2 1 2 2 2 1 1 2 2 1 1 2 1 2 1 1 1 1 1 2 2 1 1
97 41 26 0 
1 2 2 2 1 2 1 2 1 1 1 1 2 1 2 2 1 1 2 2 1 1 2 2 1 1 1 2 1 2 2 2 2 2 2 2 2 2 1 2 2 2 1 2 2 2 2 1 1 2 1 2 1 1 1 1 2 2 1 2
136 1 48 0 
2 1 1 2 2 1 1 1 2 1 2 2 1 1 2 2 2 2 2 1 1 2 2 1 2 2 1 2 1 1 2 2 2 1 1 2 2 2 2 1 1 2 2 2 2 2 1 1 1 1 2 2 1 1 2 1 2 2 1 1
194 29 31 1 
2 2 1 2 2 1 1 1 1 2 2 1 2 2 1 2 1 2 2 2 1 2 2 1 1 2 2 2 2 1 2 2 2 2 2 2 2 2 1 1 2 2 1 1 2 2 1 1 2 1 2 1 1 1 2 1 1 2 1 2
19 1 3 1 
2 1 1 2 2 1 1 1 2 1 2 2 1 2 2 1 1 2 1 2 1 1 1 2 2 1 1 2 1 1 2 2 2 2 2 2 2 2 2 1 2 2 2 1 2 2 2 1 1 1 2 2 1 1 2 1 1 2 1 1
76 32 15 0 
2 1 2 2 1 1 1 1 2 2 2 1 1 2 2 2 1 1 1 1 1 1 2 2 2 2 2 2 1 2 1 1 2 1 2 2 1 2 1 2 1 2 2 2 2 2 2 2 1 2 2 2 2 2 2 2 2 2 1 1
30 7 18 1 
1 1 2 2 1 1 1 1 1 2 2 1 2 1 1 2 2 1 2 1 1 1 2 1 2 2 1 2 1 2 1 1 2 1 1 1 2 1 1 1 2 2 2 2 1 2 1 1 1 2 1 2 1 1 1 1 2 2 1 1
90 20 76 0 
1 2 2 2 2 1 2 1 2 2 2 1 2 1 1 2 2 1 2 1 1 1 2 2 2 2 2 2 2 2 2 1 1 1 1 2 1 1 2 1 2 1 2 2 1 2 1 2 1 2 2 2 1 2 2 2 2 2 1 1
94 35 48 1 
2 2 2 2 1 1 1 1 1 2 1 2 2 1 2 2 1 1 1 1 2 1 1 2 2 2 2 2 1 1 2 2 2 1 1 2 2 2 1 1 2 2 1 2 2 2 2 1 1 1 1 2 1 1 2 1 2 2 2 1
183 155 34 1 
1 2 2 2 1 1 1 1 2 2 2 2 1 1 2 2 2 1 1 2 2 1 2 2 2 2 2 1 2 1 2 2 2 2 2 2 2 2 1 2 1 2 1 2 2 2 2 1 1 1 1 2 1 2 1 2 2 2 1 1
39 19 21 1 
1 1 2 2 1 1 1 1 2 1 2 2 2 2 2 2 1 1 1 2 1 1 2 2 1 1 2 1 1 1 2 1 2 2 2 2 2 2 2 1 2 2 2 1 2 2 2 1 1 1 2 1 1 1 2 1 1 2 1 1
49 20 9 0 
1 1 2 2 1 1 1 1 1 1 1 1 2 1 1 2 2 1 2 2 1 2 2 1 2 1 2 1 1 1 2 1 2 2 1 2 2 2 2 2 1 2 1 2 1 2 1 1 2 1 2 1 1 1 1 1 2 2 2 1
58 25 3 0 
1 1 2 2 1 1 2 1 1 1 2 2 2 2 2 1 2 2 1 2 2 1 1 2 2 1 1 1 1 1 1 1 2 2 2 1 2 2 1 1 2 1 1 1 2 2 1 2 1 1 1 2 1 1 1 1 2 2 1 1
154 13 131 0 
1 2 2 1 2 1 2 1 2 1 1 1 2 2 1 1 2 2 1 1 1 1 2 2 1 2 1 2 1 2 2 1 2 2 2 2 2 2 1 2 2 2 1 1 2 2 1 1 1 1 1 1 1 1 1 1 2 2 1 2
105 82 101 0 
2 1 2 2 2 1 1 1 2 2 1 2 1 2 2 2 2 1 2 2 1 1 1 2 2 1 1 1 1 1 2 2 2 2 1 1 2 2 2 2 2 2 1 2 2 2 1 1 1 1 2 1 1 1 1 1 1 1 1 1
198 41 104 1 
1 1 2 2 1 1 1 2 1 2 1 1 2 1 2 2 1 1 2 1 1 1 2 1 2 2 1 2 1 1 2 1 2 2 2 2 2 2 1 1 2 2 1 1 2 2 2 1 1 1 2 2 1 2 1 2 1 1 1 2
119 82 33 0 
2 2 2 1 2 2 2 2 1 1 2 2 1 2 2 2 2 2 2 2 1 1 2 2 1 1 1 2 1 1 2 2 2 2 1 1 2 2 2 1 1 1 2 1 2 2 2 1 1 1 2 1 2 1 2 1 1 2 1 2
184 59 90 1 
1 2 2 2 1 1 1 1 1 2 1 1 1 1 2 2 1 1 1 1 1 1 2 2 2 2 2 2 1 2 2 2 2 1 2 1 2 1 1 1 2 1 1 2 2 2 2 1 1 1 1 2 1 1 1 2 2 2 1 1
95 77 3 0 
1 1 1 2 2 1 2 1 2 1 1 1 2 2 2 1 2 2 1 2 1 1 2 1 1 2 1 2 1 1 1 2 2 2 1 2 2 2 1 1 1 2 1 1 2 2 1 1 1 1 1 1 1 1 1 1 2 2 1 1
173 65 26 0 
1 2 2 2 2 1 2 1 1 1 2 1 2 1 2 2 1 1 1 2 2 1 2 2 2 2 2 2 2 2 2 1 2 1 2 1 2 1 1 1 2 2 1 2 2 2 1 1 2 2 2 2 2 1 2 1 2 2 1 1
176 41 93 0 
1 2 2 2 1 1 1 1 1 1 1 1 2 2 1 1 2 2 2 1 1 1 1 1 2 1 1 1 1 1 2 1 2 2 2 2 2 2 1 1 2 2 1 1 2 2 1 2 1 1 1 2 1 1 1 1 2 1 1 1
134 13 93 1 
2 1 1 2 2 1 2 1 2 1 1 1 2 2 1 1 2 2 2 1 1 1 2 1 1 1 1 1 1 1 2 1 2 2 2 1 2 2 1 1 2 2 1 1 2 2 1 2 1 1 1 2 1 1 2 1 2 1 1 1
104 57 69 0 
1 1 2 2 1 1 2 1 1 2 1 1 2 1 2 2 1 1 1 1 2 1 2 1 2 1 2 2 2 1 1 1 2 2 2 2 2 2 1 1 2 1 1 1 2 2 1 2 1 1 2 2 2 2 2 2 2 1 1 2
53 30 6 1 
1 2 2 1 1 2 1 1 1 1 1 1 1 1 2 2 2 1 2 1 1 1 2 1 2 2 1 1 1 1 1 2 2 2 1 1 2 2 1 1 2 2 2 1 1 2 1 1 1 1 1 2 1 2 1 2 2 2 1 1
106 4 72 0 
2 2 2 2 1 2 1 1 1 1 2 2 2 2 2 1 1 2 1 2 1 1 2 2 2 1 2 2 1 1 2 2 2 2 2 2 2 2 2 2 2 2 2 1 2 2 1 1 1 1 1 2 1 1 1 2 2 1 2 1
25 7 10 1 
2 1 2 2 1 1 1 2 1 1 2 2 2 2 1 2 2 2 2 1 1 2 1 1 2 2 1 2 1 2 1 1 2 1 2 2 2 1 1 1 2 2 1 2 2 1 1 1 2 1 1 2 1 1 1 1 2 2 1 2
202 4 3 1 
2 1 2 2 2 1 2 1 2 1 1 2 1 2 2 1 1 2 1 2 1 1 2 2 2 1 2 1 1 1 2 1 2 2 2 1 2 2 1 1 2 2 1 1 2 2 1 1 1 1 2 2 2 1 2 1 1 2 1 2
29 19 23 1 
2 2 1 2 2 2 1 2 1 1 2 1 2 1 1 2 2 1 1 2 1 1 1 2 2 1 2 2 1 2 2 2 2 2 2 2 2 2 1 1 2 2 1 1 2 2 2 1 1 2 2 2 1 1 2 1 1 2 1 1
171 45 51 1 
2 1 2 2 1 1 1 1 1 1 2 2 1 2 2 2 2 1 1 1 2 1 1 1 2 2 1 2 1 1 1 1 2 2 2 1 2 2 1 1 1 2 1 1 2 2 1 2 1 2 2 2 1 2 1 1 2 2 2 1
85 25 43 1 
1 2 2 2 1 2 2 1 1 2 2 2 2 1 1 2 2 1 2 2 1 1 1 1 2 1 2 1 2 1 1 1 1 2 2 1 1 2 1 1 2 1 2 1 1 2 1 2 1 1 1 2 1 2 1 1 2 2 1 2
162 36 38 0 
2 1 2 2 1 2 2 1 1 1 2 1 2 2 2 1 1 2 1 2 1 1 1 2 1 1 1 1 2 1 2 2 2 2 2 2 2 2 1 1 1 2 1 2 2 2 2 1 2 1 2 2 2 2 1 2 2 1 1 1
26 2 23 0 
2 2 2 2 2 1 2 1 1 1 1 1 1 1 2 2 1 1 2 2 1 1 2 2 2 1 2 2 2 2 1 2 1 2 1 2 1 2 1 2 2 2 2 2 2 2 1 1 2 2 2 2 2 1 1 1 2 2 1 2
169 128 117 0 
1 1 2 2 1 2 1 1 1 1 2 2 2 2 2 2 2 1 2 2 1 1 1 1 2 2 2 2 1 2 1 2 1 2 1 2 1 2 1 2 2 2 2 2 1 2 1 1 1 1 1 2 1 2 1 1 2 2 1 2
153 57 63 0 
1 2 2 2 1 1 1 1 1 2 1 2 2 2 1 2 2 2 2 2 2 1 2 1 2 2 2 2 2 1 1 2 1 2 2 2 2 2 1 1 1 2 1 1 2 2 1 1 1 2 2 2 2 1 2 2 2 1 1 1
161 8 131 1 
1 2 2 2 1 1 1 1 1 1 2 1 2 2 2 1 2 1 2 1 2 1 1 2 2 2 2 2 1 1 2 1 2 2 2 2 2 2 1 2 2 2 1 1 2 2 2 1 1 1 2 1 2 1 2 1 1 2 2 2
123 65 100 0 
1 2 2 1 1 2 1 2 2 1 2 1 2 2 2 1 1 1 2 1 2 1 2 1 2 1 2 1 2 1 2 1 2 2 2 1 2 1 1 1 2 2 1 2 2 2 1 2 2 2 2 2 2 1 2 1 2 2 1 1
165 53 136 1 
2 1 1 2 1 2 1 1 1 2 1 2 1 1 2 2 2 2 1 1 1 2 1 1 2 2 1 2 1 1 2 2 2 1 1 2 2 2 1 2 2 2 2 2 1 2 1 1 1 1 1 2 1 1 2 1 2 2 1 1
159 78 63 1 
2 2 2 2 2 2 2 1 1 1 1 2 2 1 1 2 2 1 1 2 1 1 2 1 2 1 2 1 2 2 1 2 2 2 2 2 2 2 2 1 2 2 2 1 2 2 2 2 2 2 2 2 1 1 1 2 2 1 1 1
27 13 18 1 
1 1 1 2 2 1 2 1 2 1 1 1 2 2 2 1 1 2 1 2 1 1 1 1 1 2 1 2 1 1 2 1 2 2 2 1 2 2 2 1 1 1 2 1 2 2 1 1 1 1 1 1 1 1 1 1 2 2 1 1
168 60 6 0 
1 1 2 2 1 1 1 1 1 1 1 2 2 2 1 1 2 2 1 2 2 2 1 1 1 2 1 2 1 1 2 2 2 2 2 1 2 2 1 2 1 2 1 1 2 2 1 1 1 1 1 1 1 2 1 2 2 2 1 2
44 2 6 0 
1 1 2 2 2 2 2 2 1 2 2 1 2 1 2 2 1 1 1 1 1 1 2 1 2 2 2 2 2 1 1 2 1 2 1 1 1 2 1 2 2 2 2 2 2 2 1 1 2 1 2 2 1 1 2 1 2 2 1 2
27 13 18 1 
1 1 1 2 2 1 2 1 2 1 1 1 2 2 2 1 1 2 1 2 1 1 1 1 1 2 1 2 1 1 2 1 2 2 2 1 2 2 2 1 1 1 2 1 2 2 1 1 1 1 1 1 1 1 1 1 2 2 1 1
129 82 5 1 
2 2 2 2 2 1 2 1 2 1 1 1 1 1 2 1 2 2 2 1 1 1 2 2 1 2 1 2 2 2 1 2 2 2 2 2 2 2 1 1 2 2 2 2 2 2 1 2 1 1 2 1 2 1 2 1 1 2 1 2
203 109 169 1 
1 1 2 2 1 2 1 1 1 1 1 2 1 2 2 2 1 1 2 2 2 1 1 1 1 2 1 2 1 2 2 2 2 1 1 1 2 1 2 1 1 2 1 2 2 1 1 1 2 1 2 1 1 1 1 1 1 2 1 2
7 2 3 1 
2 1 2 2 2 1 2 1 1 1 2 2 2 2 2 1 1 2 2 2 1 1 2 1 2 2 2 1 2 1 2 1 2 2 2 1 2 2 1 1 2 2 2 1 1 2 1 1 2 1 2 1 2 1 2 1 2 2 1 1
155 54 16 1 
1 1 2 2 1 1 1 1 2 1 2 2 1 2 2 2 2 1 2 1 1 2 2 2 2 2 2 2 1 2 2 2 2 2 2 2 1 2 1 1 2 1 1 1 2 2 1 2 1 1 1 1 1 1 1 1 2 2 2 1
94 35 48 1 
2 2 2 2 1 1 1 1 1 2 1 2 2 1 2 2 1 1 1 1 2 1 1 2 2 2 2 2 1 1 2 2 2 1 1 2 2 2 1 1 2 2 1 2 2 2 2 1 1 1 1 2 1 1 2 1 2 2 2 1
60 14 28 1 
1 2 2 2 1 2 1 1 1 1 1 2 2 1 1 2 2 1 1 1 1 2 1 2 1 2 1 1 1 1 2 2 2 2 2 1 2 2 1 1 1 1 1 1 2 2 1 1 1 1 1 1 1 1 1 1 2 2 1 1
15 2 3 0 
1 1 2 2 1 1 1 1 2 1 2 1 2 2 2 2 1 1 2 1 1 2 2 2 2 1 2 1 2 1 1 1 1 2 2 2 2 2 2 1 2 1 2 1 2 2 1 2 2 1 2 2 2 1 2 1 2 2 1 2
179 59 69 1 
1 1 2 1 1 2 1 1 1 1 1 2 2 1 2 2 2 1 1 1 1 1 2 1 1 1 1 2 2 1 1 2 2 2 2 2 1 2 1 1 2 1 2 1 1 2 1 2 1 1 1 2 1 2 1 1 2 1 1 2
89 55 56 1 
2 2 2 1 2 1 1 1 2 2 1 2 1 2 2 2 1 2 1 2 1 1 1 1 2 2 1 2 1 1 2 2 2 2 2 1 2 2 1 1 1 1 2 2 2 2 1 1 1 2 2 2 1 1 2 1 2 2 1 1
120 2 34 1 
1 2 2 2 1 1 1 1 2 2 2 2 2 1 2 2 1 1 2 2 1 2 2 1 2 2 2 1 2 1 1 2 1 2 1 2 1 2 1 2 2 2 2 2 2 2 1 1 2 1 2 2 2 2 2 2 2 2 1 1
70 45 21 0 
2 1 2 2 1 1 1 1 1 2 2 2 2 2 2 2 2 1 1 2 2 1 1 2 2 2 2 2 1 1 1 1 2 2 2 2 2 2 1 1 2 2 2 2 1 1 1 1 1 2 1 2 1 2 1 1 2 2 1 1
130 122 112 0 
1 1 2 2 1 1 1 1 2 1 2 2 2 2 2 2 2 1 2 1 1 1 1 2 2 1 2 1 1 1 1 2 1 2 1 2 2 2 1 1 2 2 1 1 2 2 2 2 1 1 1 1 1 1 1 1 2 2 2 2
174 19 34 1 
2 2 1 2 2 1 1 1 2 1 2 2 1 1 2 2 1 1 1 2 1 2 1 1 2 2 1 1 1 1 2 2 2 2 2 1 2 2 2 2 2 2 2 2 2 2 2 1 1 2 2 2 1 2 2 2 2 2 1 1
91 79 18 1 
2 1 2 2 1 1 1 1 1 2 2 1 2 2 2 1 1 2 1 2 1 1 2 1 1 2 2 2 2 2 2 1 2 2 1 1 2 2 1 1 2 1 1 2 2 2 2 1 1 2 1 2 1 1 1 1 2 2 1 1
170 1 18 1 
2 1 2 2 2 1 1 1 2 1 2 1 1 2 2 2 2 1 2 1 1 1 2 2 2 2 1 2 1 2 2 1 2 2 2 1 2 2 2 1 1 1 2 1 2 2 1 1 1 1 2 1 1 1 2 1 2 2 1 1
83 60 58 1 
1 1 2 2 1 1 1 2 1 1 1 2 1 2 1 2 2 2 1 1 1 2 1 1 2 2 1 1 1 1 2 1 2 2 2 2 2 2 1 1 1 2 1 1 2 2 1 1 1 1 1 2 1 1 1 1 2 2 1 1
186 8 130 1 
1 1 2 2 1 1 1 1 1 1 2 2 2 2 2 2 2 2 1 1 2 1 1 2 2 1 2 1 1 1 2 2 2 2 2 2 2 2 1 1 2 2 1 1 2 2 2 2 1 1 2 1 2 1 2 1 1 2 1 2
10 2 3 0 
1 1 2 2 1 1 2 1 1 1 2 2 1 2 2 2 1 2 2 1 1 2 2 1 2 2 2 2 2 1 1 2 1 2 1 2 1 2 1 1 2 2 2 1 1 2 1 1 2 1 2 2 1 1 1 1 2 2 1 2
112 8 3 0 
2 1 1 2 2 1 2 1 2 1 2 2 1 2 2 2 1 1 1 1 1 1 2 2 1 1 1 1 1 1 2 2 2 2 2 2 2 2 1 1 2 2 1 1 2 2 2 2 1 1 1 2 1 1 1 1 2 2 2 1
79 22 47 1 
2 1 2 2 1 1 1 1 1 1 2 2 1 2 2 2 1 1 1 1 1 1 1 2 2 1 2 2 2 1 2 2 2 2 1 1 2 2 1 2 2 2 1 1 2 2 1 2 2 1 2 1 1 1 1 1 2 2 1 1
170 1 18 1 
2 1 2 2 2 1 1 1 2 1 2 1 1 2 2 2 2 1 2 1 1 1 2 2 2 2 1 2 1 2 2 1 2 2 2 1 2 2 2 1 1 1 2 1 2 2 1 1 1 1 2 1 1 1 2 1 2 2 1 1
144 7 130 1 
1 1 2 2 1 1 1 1 1 2 2 2 2 2 1 2 2 1 2 1 1 1 1 2 2 1 1 1 1 1 1 1 2 1 1 1 2 2 1 1 2 2 2 1 1 2 1 2 2 1 2 1 2 1 2 1 2 2 1 2
154 13 131 0 
1 2 2 1 2 1 2 1 2 1 1 1 2 2 1 1 2 2 1 1 1 1 2 2 1 2 1 2 1 2 2 1 2 2 2 2 2 2 1 2 2 2 1 1 2 2 1 1 1 1 1 1 1 1 1 1 2 2 1 2
90 20 76 0 
1 2 2 2 2 1 2 1 2 2 2 1 2 1 1 2 2 1 2 1 1 1 2 2 2 2 2 2 2 2 2 1 1 1 1 2 1 1 2 1 2 1 2 2 1 2 1 2 1 2 2 2 1 2 2 2 2 2 1 1
185 39 34 1 
1 1 2 2 1 1 1 1 2 1 2 2 2 1 2 2 1 1 2 2 1 1 2 2 1 2 1 2 1 2 2 2 2 2 2 1 2 2 1 2 2 2 1 2 2 2 2 1 1 1 2 2 1 1 2 1 2 2 1 1
65 7 16 1 
1 1 2 2 2 1 2 1 1 2 2 2 2 2 2 2 1 1 2 1 1 2 2 2 2 2 2 2 2 1 2 2 2 2 2 2 2 2 1 1 2 1 1 1 2 2 1 2 2 1 2 2 2 2 2 2 2 2 1 1
51 36 37 0 
1 2 2 1 1 2 1 1 1 1 2 2 2 1 2 2 1 1 1 2 1 1 1 1 1 2 1 2 1 2 1 1 2 2 2 1 2 2 1 1 1 2 1 1 2 2 2 2 2 1 2 2 2 2 1 1 2 2 1 1
158 98 111 1 
1 1 2 2 1 1 1 1 1 1 2 1 2 1 2 2 1 1 1 1 1 1 1 1 2 2 2 2 2 1 1 2 2 2 2 2 2 2 1 1 1 2 2 1 2 2 1 1 1 1 2 1 2 1 2 1 2 2 1 1
157 55 5 1 
2 1 2 2 2 1 1 1 2 1 2 1 1 1 2 1 1 1 1 2 1 1 1 1 2 2 1 1 1 1 2 2 2 2 2 2 2 2 2 1 2 2 2 2 2 2 2 1 1 2 1 2 1 1 1 1 2 2 2 1
200 14 47 1 
1 2 2 2 1 1 1 1 1 1 1 1 2 2 1 2 2 2 2 2 1 1 1 2 1 1 1 2 1 1 2 2 2 2 2 1 2 2 1 2 1 2 2 2 2 2 2 1 1 1 2 1 1 1 1 1 2 2 1 1
40 17 18 0 
1 1 1 2 2 1 1 1 2 1 2 1 1 1 2 2 2 1 1 1 2 1 1 2 2 2 2 2 1 1 2 1 2 2 1 1 2 1 2 1 2 1 2 1 2 2 2 1 1 1 2 1 2 1 2 1 1 2 1 1
144 7 130 1 
1 1 2 2 1 1 1 1 1 2 2 2 2 2 1 2 2 1 2 1 1 1 1 2 2 1 1 1 1 1 1 1 2 1 1 1 2 2 1 1 2 2 2 1 1 2 1 2 2 1 2 1 2 1 2 1 2 2 1 2
13 1 3 1 
2 1 1 2 2 1 2 1 2 1 1 1 1 2 2 1 1 2 1 2 1 1 2 1 1 2 1 1 1 1 2 1 2 2 2 2 2 2 2 1 1 2 2 1 2 2 1 1 1 1 2 1 2 1 2 1 1 2 1 1
138 71 51 0 
2 2 2 1 2 2 1 1 2 1 1 2 1 1 2 2 2 1 1 2 1 1 2 1 2 2 2 1 1 1 2 1 2 2 2 2 2 2 1 1 2 1 2 1 2 2 1 2 2 2 2 2 1 2 1 1 2 2 2 1
100 78 66 0 
2 1 1 2 2 1 2 1 1 1 1 2 2 2 1 1 1 2 1 2 1 1 1 2 1 2 1 1 1 1 1 1 2 2 2 1 2 1 2 1 1 2 2 2 2 1 2 1 2 1 2 2 1 1 1 1 2 2 1 1
29 19 23 1 
2 2 1 2 2 2 1 2 1 1 2 1 2 1 1 2 2 1 1 2 1 1 1 2 2 1 2 2 1 2 2 2 2 2 2 2 2 2 1 1 2 2 1 1 2 2 2 1 1 2 2 2 1 1 2 1 1 2 1 1
74 36 10 1 
2 1 1 2 1 1 1 1 1 1 2 2 2 1 2 2 1 2 1 1 2 2 2 1 1 2 1 2 2 2 2 1 2 1 2 1 2 1 1 1 1 2 1 2 2 1 2 1 2 2 2 2 2 1 1 1 2 2 1 2
33 8 3 0 
2 1 1 2 2 1 2 1 2 1 2 2 2 2 2 2 2 2 2 2 1 1 2 2 1 1 2 2 1 1 2 2 2 2 1 1 2 2 1 1 1 1 2 1 2 2 2 1 1 1 1 1 2 1 1 1 2 2 2 2
123 65 100 0 
1 2 2 1 1 2 1 2 2 1 2 1 2 2 2 1 1 1 2 1 2 1 2 1 2 1 2 1 2 1 2 1 2 2 2 1 2 1 1 1 2 2 1 2 2 2 1 2 2 2 2 2 2 1 2 1 2 2 1 1
59 2 38 1 
1 1 2 2 1 1 1 1 1 1 1 1 1 2 2 1 1 2 1 1 1 1 2 2 2 1 2 1 2 1 1 2 1 2 1 2 1 2 1 1 2 2 2 1 1 2 1 2 2 1 2 1 1 1 1 1 2 2 1 1
17 1 3 1 
2 1 1 2 2 1 1 1 2 1 2 2 1 2 2 2 2 1 2 1 1 2 2 1 1 2 1 2 1 1 2 2 2 2 2 1 2 2 2 1 2 1 2 1 2 2 2 2 1 1 2 2 2 1 2 1 1 2 1 2
21 2 3 0 
2 1 2 2 1 1 1 1 2 1 2 2 2 2 2 1 1 2 2 2 1 1 2 2 2 1 2 1 2 1 1 1 2 2 2 2 2 2 2 1 2 2 2 1 1 2 1 2 2 1 2 1 2 1 1 1 2 2 1 1
86 39 61 1 
1 2 2 2 1 1 1 1 1 1 2 1 2 2 2 1 1 2 2 2 1 1 2 2 1 1 2 1 1 1 1 2 2 2 2 2 2 2 2 1 2 2 1 1 2 2 1 2 1 1 1 1 1 1 1 1 2 1 1 1
141 67 107 0 
1 1 2 1 1 2 1 1 2 1 2 2 1 2 1 2 2 1 2 2 1 1 1 1 2 1 1 1 2 1 2 1 2 2 2 2 2 2 2 2 2 1 1 1 2 2 2 2 2 1 2 2 1 2 1 1 2 2 1 1
172 156 163 0 
1 1 2 2 2 1 2 2 1 2 2 2 2 2 2 2 1 2 1 2 2 1 2 2 1 1 2 2 1 1 1 1 2 2 2 2 2 2 2 1 2 2 1 1 2 2 1 1 2 1 2 2 1 1 1 2 2 2 1 2
70 45 21 0 
2 1 2 2 1 1 1 1 1 2 2 2 2 2 2 2 2 1 1 2 2 1 1 2 2 2 2 2 1 1 1 1 2 2 2 2 2 2 1 1 2 2 2 2 1 1 1 1 1 2 1 2 1 2 1 1 2 2 1 1
140 122 70 0 
1 2 2 2 1 1 1 1 1 1 1 2 2 2 2 2 2 2 2 1 1 1 1 2 2 2 2 2 1 1 1 1 2 2 1 2 2 2 1 1 2 2 1 2 2 1 1 1 1 1 1 2 1 2 1 1 2 2 1 1
3 0 0 0 
1 1 2 2 1 1 1 1 1 1 2 1 2 2 2 1 1 2 1 2 2 1 1 2 2 1 2 1 1 1 2 1 2 2 2 1 2 2 1 1 2 1 1 1 2 2 1 2 1 1 1 2 1 1 1 1 2 2 1 2
118 86 18 0 
2 1 2 2 1 1 1 1 1 2 1 1 2 1 1 2 2 1 2 1 1 1 2 2 1 2 1 2 1 2 2 1 2 1 2 1 2 2 2 1 2 1 1 1 2 2 1 1 1 1 1 1 1 1 1 1 1 2 1 1
124 83 106 1 
1 2 2 2 1 1 2 1 1 1 2 2 2 2 2 2 2 1 1 2 1 1 1 2 2 1 1 2 1 1 2 2 2 2 2 2 2 2 1 2 1 2 1 2 2 2 1 1 1 1 2 2 1 1 1 2 2 2 1 2
116 77 3 0 
1 1 2 2 1 1 2 1 1 1 1 2 1 2 2 1 2 2 2 2 1 1 1 2 1 1 1 1 1 1 2 1 2 2 1 1 2 2 1 1 1 1 2 1 2 2 1 1 1 1 1 2 1 1 1 1 2 2 1 1
201 41 93 0 
1 1 2 2 1 1 1 1 1 1 1 1 2 2 1 1 2 2 2 1 1 1 2 2 1 1 1 1 1 1 2 1 2 2 2 1 2 2 1 1 2 2 1 1 2 2 1 2 1 1 2 1 1 1 1 1 1 1 1 1
175 99 106 1 
1 2 2 2 1 1 1 1 1 1 2 2 1 2 2 1 1 2 2 1 2 1 1 2 1 1 1 2 2 1 2 2 2 2 1 2 2 2 1 2 1 2 1 1 1 2 1 1 2 1 2 1 2 1 1 1 2 2 1 1
197 161 5 0 
1 1 2 2 1 1 1 1 1 1 1 1 2 2 1 1 1 2 1 2 1 1 1 1 2 2 2 2 1 2 1 2 2 2 2 2 2 2 1 2 2 2 1 2 2 2 1 1 1 2 1 2 1 1 1 1 2 2 2 1
42 20 3 1 
1 1 2 2 1 1 1 1 1 1 1 1 2 2 1 2 2 1 2 1 1 2 2 1 2 1 2 1 1 1 2 1 2 2 1 1 2 2 1 1 1 2 1 1 2 2 1 1 1 1 1 1 1 1 2 1 2 2 2 1
38 13 5 0 
1 2 2 2 1 2 1 2 1 1 1 1 2 2 1 1 2 2 1 2 1 1 2 1 1 2 1 1 1 1 1 2 2 2 2 2 2 2 2 1 1 2 2 1 2 2 1 2 1 1 2 1 2 1 2 1 1 2 1 1
62 8 5 0 
2 2 1 2 2 1 2 1 2 1 2 1 1 1 2 2 2 1 2 1 2 1 1 2 2 2 2 2 1 2 2 2 2 2 2 2 2 2 1 2 1 2 1 2 2 2 2 1 1 2 1 2 1 1 1 1 2 2 2 2
14 1 3 1 
2 1 1 2 2 1 2 1 2 1 1 1 1 2 2 1 1 2 1 2 1 1 1 1 1 1 1 1 1 1 2 1 2 2 2 1 2 2 2 1 1 1 2 1 2 2 2 1 1 1 2 1 2 1 2 1 1 2 1 1
73 42 33 1 
1 2 2 1 1 2 1 2 1 2 1 2 2 2 2 2 1 2 1 2 2 1 1 2 1 1 2 2 1 1 2 2 2 2 1 1 2 2 1 1 1 1 1 2 2 2 1 2 1 1 1 1 1 2 2 1 2 2 1 2
137 121 111 0 
1 2 2 1 1 2 1 1 1 1 1 1 2 1 2 2 2 1 1 2 1 1 2 1 1 2 2 2 2 1 2 1 2 2 1 2 2 2 1 1 1 1 1 1 2 2 1 2 1 1 2 2 1 1 1 1 2 2 2 1
36 14 16 1 
2 1 1 2 2 1 2 1 1 1 1 2 2 2 2 2 1 1 1 1 1 2 1 2 1 1 1 1 1 2 1 2 2 2 2 2 2 2 2 1 1 1 2 1 2 2 2 2 1 2 2 2 2 2 1 1 2 2 1 1
186 8 130 1 
1 1 2 2 1 1 1 1 1 1 2 2 2 2 2 2 2 2 1 1 2 1 1 2 2 1 2 1 1 1 2 2 2 2 2 2 2 2 1 1 2 2 1 1 2 2 2 2 1 1 2 1 2 1 2 1 1 2 1 2
37 17 21 0 
2 2 1 2 2 1 1 1 1 1 2 2 1 2 2 2 1 1 1 2 2 1 1 2 2 2 2 2 1 2 2 1 2 2 1 2 2 2 1 2 2 2 1 2 2 1 2 1 1 2 2 2 2 2 1 1 2 2 1 1
17 1 3 1 
2 1 1 2 2 1 1 1 2 1 2 2 1 2 2 2 2 1 2 1 1 2 2 1 1 2 1 2 1 1 2 2 2 2 2 1 2 2 2 1 2 1 2 1 2 2 2 2 1 1 2 2 2 1 2 1 1 2 1 2
62 8 5 0 
2 2 1 2 2 1 2 1 2 1 2 1 1 1 2 2 2 1 2 1 2 1 1 2 2 2 2 2 1 2 2 2 2 2 2 2 2 2 1 2 1 2 1 2 2 2 2 1 1 2 1 2 1 1 1 1 2 2 2 2
173 65 26 0 
1 2 2 2 2 1 2 1 1 1 2 1 2 1 2 2 1 1 1 2 2 1 2 2 2 2 2 2 2 2 2 1 2 1 2 1 2 1 1 1 2 2 1 2 2 2 1 1 2 2 2 2 2 1 2 1 2 2 1 1
152 35 111 1 
1 1 1 2 2 1 2 1 2 1 1 1 1 1 2 2 1 1 1 2 1 1 2 1 2 2 1 2 1 1 2 1 2 2 1 1 2 2 1 1 2 1 1 1 2 2 2 2 1 1 1 2 1 1 2 1 2 2 1 1
19 1 3 1 
2 1 1 2 2 1 1 1 2 1 2 2 1 2 2 1 1 2 1 2 1 1 1 2 2 1 1 2 1 1 2 2 2 2 2 2 2 2 2 1 2 2 2 1 2 2 2 1 1 1 2 2 1 1 2 1 1 2 1 1
4 1 3 1 
2 1 2 2 2 1 2 1 2 1 1 2 1 2 2 2 2 1 2 1 1 1 2 2 2 2 1 2 1 1 2 2 2 2 2 1 2 2 2 1 2 2 2 1 2 2 2 1 1 1 2 1 2 1 2 1 1 2 1 2
188 139 15 0 
2 1 2 2 1 1 1 1 2 2 2 2 1 2 2 2 1 1 1 2 1 1 2 2 2 2 2 2 2 2 1 1 1 1 1 2 1 2 2 1 2 2 2 2 2 2 2 1 2 2 2 2 1 2 2 2 2 2 1 1
43 1 3 0 
2 1 2 2 2 1 1 1 2 1 2 2 1 2 2 1 1 2 2 1 1 1 1 2 2 1 1 1 1 1 2 1 2 2 2 1 2 2 2 1 2 1 2 1 2 2 2 2 1 1 2 2 2 1 2 1 1 2 1 2
132 65 56 1 
1 2 2 1 1 2 1 1 2 1 2 2 2 2 2 2 1 1 2 2 1 1 2 1 2 2 2 2 2 1 2 2 2 2 2 2 2 2 1 1 2 2 1 1 2 2 2 1 1 2 2 2 2 1 2 1 2 2 1 1
4 1 3 1 
2 1 2 2 2 1 2 1 2 1 1 2 1 2 2 2 2 1 2 1 1 1 2 2 2 2 1 2 1 1 2 2 2 2 2 1 2 2 2 1 2 2 2 1 2 2 2 1 1 1 2 1 2 1 2 1 1 2 1 2
202 4 3 1 
2 1 2 2 2 1 2 1 2 1 1 2 1 2 2 1 1 2 1 2 1 1 2 2 2 1 2 1 1 1 2 1 2 2 2 1 2 2 1 1 2 2 1 1 2 2 1 1 1 1 2 2 2 1 2 1 1 2 1 2
185 39 34 1 
1 1 2 2 1 1 1 1 2 1 2 2 2 1 2 2 1 1 2 2 1 1 2 2 1 2 1 2 1 2 2 2 2 2 2 1 2 2 1 2 2 2 1 2 2 2 2 1 1 1 2 2 1 1 2 1 2 2 1 1
149 121 9 0 
2 1 2 2 1 2 1 2 1 1 1 1 2 1 1 2 2 1 2 2 1 1 2 2 1 2 2 2 2 2 2 2 2 2 2 1 2 2 1 2 1 2 1 2 2 2 1 1 1 2 1 2 1 1 1 1 2 2 2 1
103 74 9 1 
1 1 2 2 1 2 1 1 1 1 2 1 1 2 2 2 1 2 1 1 2 1 1 2 2 2 2 2 2 2 2 2 2 2 2 1 1 2 1 2 2 2 2 2 1 2 1 1 2 2 2 2 1 1 1 1 2 2 2 1
115 71 31 0 
2 2 2 2 2 1 1 1 1 1 1 1 1 2 2 1 2 2 2 2 1 1 2 2 2 2 2 2 1 1 1 2 2 2 2 1 2 2 1 2 2 2 2 1 2 2 1 1 2 1 2 1 1 1 1 1 1 2 2 2
23 2 3 0 
2 1 2 2 2 1 2 1 1 1 1 1 1 2 2 1 1 2 2 2 1 1 2 2 2 1 2 1 2 1 2 2 2 2 2 2 2 2 2 1 2 2 2 1 2 2 1 1 2 1 2 1 1 1 1 1 2 2 1 2
190 133 26 1 
2 2 2 2 1 1 1 2 1 1 2 1 2 1 1 2 2 1 1 2 1 1 1 2 1 1 1 2 1 2 1 2 2 2 1 1 2 1 2 1 1 2 2 2 2 2 2 1 1 2 2 2 2 1 2 1 1 2 1 2
46 39 10 0 
1 1 2 2 1 1 1 2 1 1 2 2 2 1 2 2 1 2 2 2 1 1 2 2 1 2 1 2 1 1 1 2 2 2 2 2 2 2 1 1 2 2 1 1 2 2 1 1 1 1 2 2 1 1 2 1 2 2 1 2
153 57 63 0 
1 2 2 2 1 1 1 1 1 2 1 2 2 2 1 2 2 2 2 2 2 1 2 1 2 2 2 2 2 1 1 2 1 2 2 2 2 2 1 1 1 2 1 1 2 2 1 1 1 2 2 2 2 1 2 2 2 1 1 1
50 19 43 1 
1 2 1 2 2 2 1 1 1 1 2 2 2 2 1 1 2 2 2 1 1 1 2 2 1 2 2 1 1 1 2 2 2 2 2 2 2 2 1 2 2 2 1 2 2 2 1 2 1 1 2 2 1 2 2 2 1 1 1 1
117 103 75 0 
1 1 2 2 2 1 1 2 1 2 2 1 2 1 2 2 2 1 1 2 1 1 2 1 2 2 2 2 2 2 2 2 2 2 2 2 2 2 2 2 2 2 2 2 2 2 1 1 2 1 2 2 1 2 1 2 2 2 2 1
43 1 3 0 
2 1 2 2 2 1 1 1 2 1 2 2 1 2 2 1 1 2 2 1 1 1 1 2 2 1 1 1 1 1 2 1 2 2 2 1 2 2 2 1 2 1 2 1 2 2 2 2 1 1 2 2 2 1 2 1 1 2 1 2
155 54 16 1 
1 1 2 2 1 1 1 1 2 1 2 2 1 2 2 2 2 1 2 1 1 2 2 2 2 2 2 2 1 2 2 2 2 2 2 2 1 2 1 1 2 1 1 1 2 2 1 2 1 1 1 1 1 1 1 1 2 2 2 1
77 27 9 1 
1 1 1 2 2 1 2 1 2 1 1 1 2 1 2 2 2 2 1 2 1 1 1 2 1 1 1 1 1 1 2 1 2 2 1 1 2 2 2 1 1 1 2 1 2 2 1 1 1 2 1 1 1 1 1 1 2 2 1 1
77 27 9 1 
1 1 1 2 2 1 2 1 2 1 1 1 2 1 2 2 2 2 1 2 1 1 1 2 1 1 1 1 1 1 2 1 2 2 1 1 2 2 2 1 1 1 2 1 2 2 1 1 1 2 1 1 1 1 1 1 2 2 1 1
125 14 31 1 
1 2 2 2 1 1 2 1 1 2 1 2 2 1 1 2 2 2 2 2 1 2 1 1 1 2 1 2 1 1 1 2 2 2 1 1 2 2 1 2 1 2 1 1 2 2 1 2 1 1 1 1 1 1 2 1 1 2 1 2
32 17 18 1 
2 1 2 2 1 1 1 1 2 2 2 1 1 1 2 2 2 1 2 1 1 1 1 2 1 2 2 2 1 1 2 1 2 1 2 1 2 1 1 1 1 2 2 2 2 2 2 1 1 2 2 2 2 1 2 1 1 2 2 1
80 53 31 1 
2 2 1 2 1 1 1 1 1 2 1 2 1 1 2 2 2 2 2 2 1 1 2 1 2 2 1 2 1 1 1 2 2 2 1 1 2 2 1 1 2 2 2 1 2 2 1 2 1 1 2 1 1 1 1 1 2 2 1 2
161 8 131 1 
1 2 2 2 1 1 1 1 1 1 2 1 2 2 2 1 2 1 2 1 2 1 1 2 2 2 2 2 1 1 2 1 2 2 2 2 2 2 1 2 2 2 1 1 2 2 2 1 1 1 2 1 2 1 2 1 1 2 2 2
73 42 33 1 
1 2 2 1 1 2 1 2 1 2 1 2 2 2 2 2 1 2 1 2 2 1 1 2 1 1 2 2 1 1 2 2 2 2 1 1 2 2 1 1 1 1 1 2 2 2 1 2 1 1 1 1 1 2 2 1 2 2 1 2
85 25 43 1 
1 2 2 2 1 2 2 1 1 2 2 2 2 1 1 2 2 1 2 2 1 1 1 1 2 1 2 1 2 1 1 1 1 2 2 1 1 2 1 1 2 1 2 1 1 2 1 2 1 1 1 2 1 2 1 1 2 2 1 2
174 19 34 1 
2 2 1 2 2 1 1 1 2 1 2 2 1 1 2 2 1 1 1 2 1 2 1 1 2 2 1 1 1 1 2 2 2 2 2 1 2 2 2 2 2 2 2 2 2 2 2 1 1 2 2 2 1 2 2 2 2 2 1 1
38 13 5 0 
1 2 2 2 1 2 1 2 1 1 1 1 2 2 1 1 2 2 1 2 1 1 2 1 1 2 1 1 1 1 1 2 2 2 2 2 2 2 2 1 1 2 2 1 2 2 1 2 1 1 2 1 2 1 2 1 1 2 1 1
183 155 34 1 
1 2 2 2 1 1 1 1 2 2 2 2 1 1 2 2 2 1 1 2 2 1 2 2 2 2 2 1 2 1 2 2 2 2 2 2 2 2 1 2 1 2 1 2 2 2 2 1 1 1 1 2 1 2 1 2 2 2 1 1
111 29 18 0 
2 1 1 2 2 1 1 1 1 1 2 1 1 1 2 2 1 1 1 2 1 1 1 1 2 2 2 2 1 1 2 1 2 2 2 1 2 2 1 1 2 1 1 1 2 2 2 1 1 1 2 1 1 1 1 1 2 2 1 1
164 124 115 1 
2 2 2 2 1 2 2 1 1 1 2 1 2 1 2 2 2 2 1 2 1 1 1 2 2 2 1 2 1 1 2 1 2 2 2 2 2 2 1 1 1 2 1 2 2 2 1 1 1 2 2 2 1 1 1 1 2 1 1 2
135 82 44 0 
2 1 2 2 2 2 1 2 2 1 2 2 1 2 2 2 2 1 2 1 1 1 1 2 2 2 1 2 1 2 2 1 2 1 1 1 2 1 1 2 2 2 2 2 2 2 2 1 1 1 2 2 1 1 1 2 2 2 1 1
187 143 66 1 
2 1 2 2 1 1 1 1 2 1 2 2 2 2 2 1 1 2 2 2 1 1 1 2 2 2 2 1 2 1 1 1 2 2 2 1 2 1 1 1 2 1 1 1 2 1 1 1 1 1 2 2 2 1 2 1 1 2 1 1
127 94 16 1 
2 1 2 2 1 1 1 1 1 2 1 2 2 2 2 2 1 1 1 1 2 2 1 2 2 1 2 1 1 1 2 2 2 2 1 2 2 2 1 1 2 1 2 1 2 2 1 2 1 1 2 1 1 2 1 2 2 2 1 1
193 94 162 1 
2 1 2 2 1 2 1 2 1 1 1 1 2 2 2 1 1 2 1 2 1 1 2 1 2 1 2 1 1 2 2 2 1 2 2 2 2 2 1 1 2 1 1 1 2 2 2 1 1 1 2 2 1 2 2 2 2 2 1 1
61 41 31 0 
1 2 2 2 1 1 1 1 1 2 1 2 2 1 1 1 2 2 2 2 1 2 2 1 1 2 1 2 1 1 2 2 2 2 2 2 2 2 1 1 2 2 1 1 2 2 1 2 1 1 2 1 1 1 1 1 1 1 1 1
126 77 104 1 
1 1 1 2 2 1 2 1 2 1 1 1 1 2 2 2 2 1 2 1 1 1 1 1 1 2 1 2 1 2 1 1 2 2 1 2 2 2 2 1 1 1 2 1 2 2 1 2 1 1 1 2 1 2 1 2 2 1 1 2
179 59 69 1 
1 1 2 1 1 2 1 1 1 1 1 2 2 1 2 2 2 1 1 1 1 1 2 1 1 1 1 2 2 1 1 2 2 2 2 2 1 2 1 1 2 1 2 1 1 2 1 2 1 1 1 2 1 2 1 1 2 1 1 2
163 108 131 0 
1 2 2 2 1 1 2 1 2 1 2 1 2 2 2 2 2 2 2 2 1 1 2 2 1 2 2 2 1 1 2 1 2 2 2 2 2 2 1 2 2 2 1 1 2 2 1 1 1 1 2 1 1 1 2 1 2 2 2 2
141 67 107 0 
1 1 2 1 1 2 1 1 2 1 2 2 1 2 1 2 2 1 2 2 1 1 1 1 2 1 1 1 2 1 2 1 2 2 2 2 2 2 2 2 2 1 1 1 2 2 2 2 2 1 2 2 1 2 1 1 2 2 1 1
131 78 115 0 
2 2 1 2 2 1 2 1 1 1 1 1 2 2 2 1 1 2 1 2 1 1 2 2 2 2 2 2 2 1 1 1 2 2 2 2 2 2 2 2 2 2 2 1 2 2 1 1 2 1 2 1 1 1 1 1 2 2 1 2
35 1 3 1 
2 1 1 2 2 1 2 1 2 1 1 1 1 2 2 2 2 1 1 1 1 2 2 1 2 2 1 2 1 1 2 2 2 2 1 1 2 2 2 1 2 2 2 1 2 2 2 2 1 1 2 1 1 1 2 1 1 2 1 2
142 55 105 1 
2 2 2 2 1 1 1 1 1 2 1 2 1 2 2 2 1 2 1 2 1 1 1 1 2 2 1 1 2 1 2 2 2 2 2 1 2 2 2 2 1 2 2 1 2 2 1 1 1 1 1 1 1 1 1 1 2 1 1 1
54 25 31 1 
1 2 2 2 1 1 2 1 1 2 2 2 2 1 2 2 2 2 2 2 1 1 1 2 2 2 1 2 1 1 1 2 2 2 2 1 1 2 1 1 2 2 2 1 1 2 1 1 1 1 1 1 1 1 1 1 2 1 2 1
33 8 3 0 
2 1 1 2 2 1 2 1 2 1 2 2 2 2 2 2 2 2 2 2 1 1 2 2 1 1 2 2 1 1 2 2 2 2 1 1 2 2 1 1 1 1 2 1 2 2 2 1 1 1 1 1 2 1 1 1 2 2 2 2
34 2 6 0 
2 1 2 2 1 1 1 1 2 1 2 1 1 1 2 2 1 1 2 2 1 2 2 1 2 2 2 1 2 1 2 2 2 2 2 1 2 2 2 2 2 2 2 2 2 2 1 1 2 1 2 2 1 2 1 2 2 2 1 1
83 60 58 1 
1 1 2 2 1 1 1 2 1 1 1 2 1 2 1 2 2 2 1 1 1 2 1 1 2 2 1 1 1 1 2 1 2 2 2 2 2 2 1 1 1 2 1 1 2 2 1 1 1 1 1 2 1 1 1 1 2 2 1 1
116 77 3 0 
1 1 2 2 1 1 2 1 1 1 1 2 1 2 2 1 2 2 2 2 1 1 1 2 1 1 1 1 1 1 2 1 2 2 1 1 2 2 1 1 1 1 2 1 2 2 1 1 1 1 1 2 1 1 1 1 2 2 1 1
106 4 72 0 
2 2 2 2 1 2 1 1 1 1 2 2 2 2 2 1 1 2 1 2 1 1 2 2 2 1 2 2 1 1 2 2 2 2 2 2 2 2 2 2 2 2 2 1 2 2 1 1 1 1 1 2 1 1 1 2 2 1 2 1
40 17 18 0 
1 1 1 2 2 1 1 1 2 1 2 1 1 1 2 2 2 1 1 1 2 1 1 2 2 2 2 2 1 1 2 1 2 2 1 1 2 1 2 1 2 1 2 1 2 2 2 1 1 1 2 1 2 1 2 1 1 2 1 1
68 1 63 1 
2 2 1 2 2 1 2 1 2 2 1 2 1 1 2 2 1 2 1 2 1 1 2 1 2 2 1 2 1 2 2 1 2 2 1 2 2 2 2 1 2 2 2 1 2 2 1 1 1 1 2 2 1 1 2 1 2 2 1 1
184 59 90 1 
1 2 2 2 1 1 1 1 1 2 1 1 1 1 2 2 1 1 1 1 1 1 2 2 2 2 2 2 1 2 2 2 2 1 2 1 2 1 1 1 2 1 1 2 2 2 2 1 1 1 1 2 1 1 1 2 2 2 1 1
182 83 43 1 
1 1 2 2 1 1 1 1 1 1 2 2 1 2 1 1 2 2 1 2 2 1 1 1 2 2 1 1 1 1 2 2 2 2 2 1 2 2 1 1 1 1 1 1 2 2 1 2 1 1 1 2 1 1 1 2 2 1 1 1
120 2 34 1 
1 2 2 2 1 1 1 1 2 2 2 2 2 1 2 2 1 1 2 2 1 2 2 1 2 2 2 1 2 1 1 2 1 2 1 2 1 2 1 2 2 2 2 2 2 2 1 1 2 1 2 2 2 2 2 2 2 2 1 1
30 7 18 1 
1 1 2 2 1 1 1 1 1 2 2 1 2 1 1 2 2 1 2 1 1 1 2 1 2 2 1 2 1 2 1 1 2 1 1 1 2 1 1 1 2 2 2 2 1 2 1 1 1 2 1 2 1 1 1 1 2 2 1 1
45 25 18 1 
2 1 2 2 1 1 1 1 1 2 2 1 2 1 2 2 2 1 1 1 2 1 1 2 2 2 1 2 1 1 1 1 2 2 2 1 2 2 1 1 2 1 2 1 1 2 1 1 1 1 2 1 1 1 1 1 2 2 2 1
92 54 21 1 
1 2 2 2 1 1 2 1 2 2 2 2 1 2 2 1 2 2 2 2 1 1 2 2 2 1 2 1 1 1 2 1 2 2 1 2 2 2 1 2 2 2 1 2 2 1 1 1 1 2 1 2 1 2 1 1 1 2 1 1
75 57 34 0 
1 2 2 2 1 1 2 1 1 2 2 1 2 1 2 2 1 1 1 2 1 1 1 2 2 2 2 2 2 2 1 2 2 2 2 1 2 2 1 2 2 2 1 2 2 2 1 1 1 1 2 2 2 2 2 2 2 2 1 1
21 2 3 0 
2 1 2 2 1 1 1 1 2 1 2 2 2 2 2 1 1 2 2 2 1 1 2 2 2 1 2 1 2 1 1 1 2 2 2 2 2 2 2 1 2 2 2 1 1 2 1 2 2 1 2 1 2 1 1 1 2 2 1 1
113 98 87 0 
2 1 2 2 1 1 1 1 2 1 2 1 2 1 2 2 1 2 1 2 2 1 1 2 2 1 2 1 2 1 1 2 2 2 2 2 2 2 1 1 2 2 2 1 2 2 1 1 1 2 2 2 1 1 1 1 2 2 2 1
89 55 56 1 
2 2 2 1 2 1 1 1 2 2 1 2 1 2 2 2 1 2 1 2 1 1 1 1 2 2 1 2 1 1 2 2 2 2 2 1 2 2 1 1 1 1 2 2 2 2 1 1 1 2 2 2 1 1 2 1 2 2 1 1
24 12 11 0 
1 1 2 2 1 1 1 1 2 1 1 2 1 2 2 2 2 1 1 1 1 1 1 2 2 2 1 1 1 1 2 2 2 2 2 1 2 2 2 2 1 1 1 2 2 2 2 1 1 1 2 2 1 1 1 2 2 2 1 1
52 39 28 0 
1 2 2 2 1 1 1 1 1 1 2 2 2 1 2 2 1 1 2 1 1 2 2 1 1 1 1 1 1 1 1 1 2 2 2 1 2 2 2 1 2 1 2 1 2 2 2 1 1 1 1 1 1 2 2 2 1 1 1 1
101 39 47 0 
1 1 2 2 1 1 1 1 2 1 2 2 2 2 2 2 1 2 2 2 1 1 2 2 1 1 1 2 1 1 1 2 2 2 2 1 2 2 2 2 2 2 1 2 2 2 1 1 1 1 1 1 1 1 2 1 1 2 1 1
67 19 34 1 
1 2 2 2 1 1 1 1 2 2 2 2 1 1 1 2 2 1 2 2 1 1 1 1 2 2 1 1 1 2 2 2 2 2 2 2 2 2 1 2 2 2 1 2 2 2 2 1 1 2 2 2 1 1 1 1 1 2 1 1
166 39 70 0 
1 2 2 2 1 1 1 1 1 1 2 2 2 2 2 2 1 2 1 2 1 1 2 2 1 2 2 2 1 1 1 1 2 2 2 2 2 2 2 1 2 2 2 2 2 1 2 1 1 1 2 1 1 1 2 1 1 2 1 1
58 25 3 0 
1 1 2 2 1 1 2 1 1 1 2 2 2 2 2 1 2 2 1 2 2 1 1 2 2 1 1 1 1 1 1 1 2 2 2 1 2 2 1 1 2 1 1 1 2 2 1 2 1 1 1 2 1 1 1 1 2 2 1 1
177 59 101 0 
1 1 2 2 1 1 1 1 1 2 1 2 1 2 2 2 1 2 1 2 1 1 2 2 1 1 1 1 2 1 1 2 1 2 1 2 2 2 1 2 2 2 2 2 1 2 1 1 2 1 2 1 1 1 1 1 2 2 1 1
13 1 3 1 
2 1 1 2 2 1 2 1 2 1 1 1 1 2 2 1 1 2 1 2 1 1 2 1 1 2 1 1 1 1 2 1 2 2 2 2 2 2 2 1 1 2 2 1 2 2 1 1 1 1 2 1 2 1 2 1 1 2 1 1
167 158 149 1 
1 2 2 2 1 2 1 2 1 1 2 1 2 1 2 2 1 1 1 2 1 1 1 2 2 1 2 2 2 2 1 2 2 2 2 1 2 2 1 1 1 1 2 1 2 2 1 1 1 1 1 1 1 1 1 1 2 2 1 1
136 1 48 0 
2 1 1 2 2 1 1 1 2 1 2 2 1 1 2 2 2 2 2 1 1 2 2 1 2 2 1 2 1 1 2 2 2 1 1 2 2 2 2 1 1 2 2 2 2 2 1 1 1 1 2 2 1 1 2 1 2 2 1 1
146 125 117 0 
2 1 2 2 1 1 1 2 1 2 1 1 2 1 2 2 2 2 2 2 1 1 1 2 1 2 2 2 1 2 2 2 2 2 1 2 2 2 2 2 2 2 1 2 2 2 1 1 1 1 1 2 1 1 1 1 1 2 1 1
95 77 3 0 
1 1 1 2 2 1 2 1 2 1 1 1 2 2 2 1 2 2 1 2 1 1 2 1 1 2 1 2 1 1 1 2 2 2 1 2 2 2 1 1 1 2 1 1 2 2 1 1 1 1 1 1 1 1 1 1 2 2 1 1
167 158 149 1 
1 2 2 2 1 2 1 2 1 1 2 1 2 1 2 2 1 1 1 2 1 1 1 2 2 1 2 2 2 2 1 2 2 2 2 1 2 2 1 1 1 1 2 1 2 2 1 1 1 1 1 1 1 1 1 1 2 2 1 1
22 2 3 1 
2 1 2 2 2 1 2 1 1 1 1 2 1 2 2 2 1 1 1 1 1 2 2 1 2 2 2 2 2 1 2 2 2 2 2 1 2 2 1 1 2 2 2 1 2 2 1 1 2 1 2 1 1 1 1 1 2 2 1 1
61 41 31 0 
1 2 2 2 1 1 1 1 1 2 1 2 2 1 1 1 2 2 2 2 1 2 2 1 1 2 1 2 1 1 2 2 2 2 2 2 2 2 1 1 2 2 1 1 2 2 1 2 1 1 2 1 1 1 1 1 1 1 1 1
113 98 87 0 
2 1 2 2 1 1 1 1 2 1 2 1 2 1 2 2 1 2 1 2 2 1 1 2 2 1 2 1 2 1 1 2 2 2 2 2 2 2 1 1 2 2 2 1 2 2 1 1 1 2 2 2 1 1 1 1 2 2 2 1
69 32 51 0 
1 1 2 1 1 2 1 1 2 1 1 2 1 1 2 2 1 1 1 1 1 1 1 1 1 1 2 1 1 1 2 1 2 2 2 2 2 2 1 1 1 1 2 1 2 2 2 2 1 1 2 2 2 2 2 1 1 2 2 1
99 60 37 1 
1 2 2 1 1 2 1 1 1 1 2 2 1 2 2 2 1 1 1 2 2 1 1 2 1 2 1 2 1 2 2 2 2 2 2 1 2 2 1 1 1 2 1 2 2 1 1 1 1 2 1 2 1 2 1 1 2 2 1 1
117 103 75 0 
1 1 2 2 2 1 1 2 1 2 2 1 2 1 2 2 2 1 1 2 1 1 2 1 2 2 2 2 2 2 2 2 2 2 2 2 2 2 2 2 2 2 2 2 2 2 1 1 2 1 2 2 1 2 1 2 2 2 2 1
157 55 5 1 
2 1 2 2 2 1 1 1 2 1 2 1 1 1 2 1 1 1 1 2 1 1 1 1 2 2 1 1 1 1 2 2 2 2 2 2 2 2 2 1 2 2 2 2 2 2 2 1 1 2 1 2 1 1 1 1 2 2 2 1
168 60 6 0 
1 1 2 2 1 1 1 1 1 1 1 2 2 2 1 1 2 2 1 2 2 2 1 1 1 2 1 2 1 1 2 2 2 2 2 1 2 2 1 2 1 2 1 1 2 2 1 1 1 1 1 1 1 2 1 2 2 2 1 2
6 1 3 0 
2 1 1 2 2 1 2 1 2 1 1 2 1 2 2 1 1 2 1 2 1 2 1 1 2 2 1 2 1 1 2 2 2 2 1 2 2 2 2 1 2 2 2 1 2 2 1 1 1 1 2 1 2 1 2 1 2 2 1 2
81 2 15 0 
1 1 2 2 1 1 2 1 1 2 2 1 2 2 2 2 1 1 1 1 1 2 2 2 2 1 2 1 2 1 1 1 1 2 1 2 1 2 1 1 2 1 2 1 1 2 1 2 2 1 2 2 2 1 1 2 2 2 1 1
31 8 23 0 
2 2 2 2 1 1 1 1 2 1 2 1 1 2 2 1 2 2 2 2 2 1 1 2 2 2 2 2 1 1 2 2 2 2 1 2 2 2 2 1 2 2 1 1 2 2 2 1 1 1 1 1 1 1 1 1 1 2 1 2
60 14 28 1 
1 2 2 2 1 2 1 1 1 1 1 2 2 1 1 2 2 1 1 1 1 2 1 2 1 2 1 1 1 1 2 2 2 2 2 1 2 2 1 1 1 1 1 1 2 2 1 1 1 1 1 1 1 1 1 1 2 2 1 1
5 2 3 0 
2 1 2 2 2 1 2 1 1 1 1 1 1 2 2 1 1 2 1 2 1 1 2 1 2 2 2 1 2 1 2 2 2 2 2 2 2 2 2 1 2 2 2 1 2 2 1 2 2 1 2 1 1 1 1 1 2 2 1 2
86 39 61 1 
1 2 2 2 1 1 1 1 1 1 2 1 2 2 2 1 1 2 2 2 1 1 2 2 1 1 2 1 1 1 1 2 2 2 2 2 2 2 2 1 2 2 1 1 2 2 1 2 1 1 1 1 1 1 1 1 2 1 1 1
198 41 104 1 
1 1 2 2 1 1 1 2 1 2 1 1 2 1 2 2 1 1 2 1 1 1 2 1 2 2 1 2 1 1 2 1 2 2 2 2 2 2 1 1 2 2 1 1 2 2 2 1 1 1 2 2 1 2 1 2 1 1 1 2
139 57 90 1 
1 2 2 2 1 1 2 1 1 2 2 1 2 1 2 2 1 1 1 1 2 1 2 2 2 2 2 2 2 2 1 1 2 1 2 1 2 1 1 2 1 2 1 2 2 2 1 2 1 2 2 2 2 1 2 2 2 2 1 1
74 36 10 1 
2 1 1 2 1 1 1 1 1 1 2 2 2 1 2 2 1 2 1 1 2 2 2 1 1 2 1 2 2 2 2 1 2 1 2 1 2 1 1 1 1 2 1 2 2 1 2 1 2 2 2 2 2 1 1 1 2 2 1 2
104 57 69 0 
1 1 2 2 1 1 2 1 1 2 1 1 2 1 2 2 1 1 1 1 2 1 2 1 2 1 2 2 2 1 1 1 2 2 2 2 2 2 1 1 2 1 1 1 2 2 1 2 1 1 2 2 2 2 2 2 2 1 1 2
63 29 21 0 
2 1 2 2 2 1 1 1 1 2 2 2 1 2 2 2 1 2 2 2 1 1 1 2 2 1 2 1 1 2 2 1 2 2 2 2 2 2 1 1 2 2 1 1 2 2 1 2 2 1 2 2 1 1 2 1 1 2 1 1
48 32 10 0 
2 1 2 2 1 1 1 1 2 1 2 2 1 2 2 2 1 2 1 1 1 2 2 1 2 2 2 2 1 1 2 2 1 2 1 2 2 2 1 1 2 2 2 2 2 2 2 1 1 1 2 2 1 1 1 1 2 2 2 1
193 94 162 1 
2 1 2 2 1 2 1 2 1 1 1 1 2 2 2 1 1 2 1 2 1 1 2 1 2 1 2 1 1 2 2 2 1 2 2 2 2 2 1 1 2 1 1 1 2 2 2 1 1 1 2 2 1 2 2 2 2 2 1 1
93 14 61 0 
1 2 2 2 1 1 1 1 1 1 1 1 2 2 1 1 2 2 1 2 1 1 1 2 1 1 1 1 1 1 1 2 2 2 1 2 2 2 1 1 1 2 2 1 2 2 2 2 1 1 1 2 1 1 1 1 1 1 1 1
42 20 3 1 
1 1 2 2 1 1 1 1 1 1 1 1 2 2 1 2 2 1 2 1 1 2 2 1 2 1 2 1 1 1 2 1 2 2 1 1 2 2 1 1 1 2 1 1 2 2 1 1 1 1 1 1 1 1 2 1 2 2 2 1
1 0 0 1 
2 2 2 1 2 2 1 2 2 2 2 1 1 1 2 2 2 1 2 1 1 1 2 1 1 2 1 1 1 1 2 2 2 2 2 1 2 2 2 2 2 1 2 2 2 2 2 1 1 1 2 2 2 1 2 2 1 2 1 1
93 14 61 0 
1 2 2 2 1 1 1 1 1 1 1 1 2 2 1 1 2 2 1 2 1 1 1 2 1 1 1 1 1 1 1 2 2 2 1 2 2 2 1 1 1 2 2 1 2 2 2 2 1 1 1 2 1 1 1 1 1 1 1 1
6 1 3 0 
2 1 1 2 2 1 2 1 2 1 1 2 1 2 2 1 1 2 1 2 1 2 1 1 2 2 1 2 1 1 2 2 2 2 1 2 2 2 2 1 2 2 2 1 2 2 1 1 1 1 2 1 2 1 2 1 2 2 1 2
172 156 163 0 
1 1 2 2 2 1 2 2 1 2 2 2 2 2 2 2 1 2 1 2 2 1 2 2 1 1 2 2 1 1 1 1 2 2 2 2 2 2 2 1 2 2 1 1 2 2 1 1 2 1 2 2 1 1 1 2 2 2 1 2
158 98 111 1 
1 1 2 2 1 1 1 1 1 1 2 1 2 1 2 2 1 1 1 1 1 1 1 1 2 2 2 2 2 1 1 2 2 2 2 2 2 2 1 1 1 2 2 1 2 2 1 1 1 1 2 1 2 1 2 1 2 2 1 1
163 108 131 0 
1 2 2 2 1 1 2 1 2 1 2 1 2 2 2 2 2 2 2 2 1 1 2 2 1 2 2 2 1 1 2 1 2 2 2 2 2 2 1 2 2 2 1 1 2 2 1 1 1 1 2 1 1 1 2 1 2 2 2 2
103 74 9 1 
1 1 2 2 1 2 1 1 1 1 2 1 1 2 2 2 1 2 1 1 2 1 1 2 2 2 2 2 2 2 2 2 2 2 2 1 1 2 1 2 2 2 2 2 1 2 1 1 2 2 2 2 1 1 1 1 2 2 2 1
192 7 130 0 
2 1 2 2 2 1 2 1 1 2 2 2 2 2 2 2 1 1 2 1 1 1 1 1 2 2 1 2 1 1 1 2 2 2 1 2 2 2 1 1 2 2 2 1 1 2 1 2 2 1 2 1 1 1 1 1 2 2 1 2
133 14 43 1 
2 2 1 2 1 1 1 1 1 1 1 2 2 2 1 1 2 2 1 1 1 1 1 1 1 2 1 1 1 1 1 2 2 2 1 2 2 2 2 2 1 1 2 1 2 2 2 2 1 1 2 2 2 1 2 1 1 2 1 2
135 82 44 0 
2 1 2 2 2 2 1 2 2 1 2 2 1 2 2 2 2 1 2 1 1 1 1 2 2 2 1 2 1 2 2 1 2 1 1 1 2 1 1 2 2 2 2 2 2 2 2 1 1 1 2 2 1 1 1 2 2 2 1 1
142 55 105 1 
2 2 2 2 1 1 1 1 1 2 1 2 1 2 2 2 1 2 1 2 1 1 1 1 2 2 1 1 2 1 2 2 2 2 2 1 2 2 2 2 1 2 2 1 2 2 1 1 1 1 1 1 1 1 1 1 2 1 1 1
23 2 3 0 
2 1 2 2 2 1 2 1 1 1 1 1 1 2 2 1 1 2 2 2 1 1 2 2 2 1 2 1 2 1 2 2 2 2 2 2 2 2 2 1 2 2 2 1 2 2 1 1 2 1 2 1 1 1 1 1 2 2 1 2
81 2 15 0 
1 1 2 2 1 1 2 1 1 2 2 1 2 2 2 2 1 1 1 1 1 2 2 2 2 1 2 1 2 1 1 1 1 2 1 2 1 2 1 1 2 1 2 1 1 2 1 2 2 1 2 2 2 1 1 2 2 2 1 1
72 50 33 0 
1 2 1 2 2 1 1 1 1 1 2 2 2 2 1 2 2 2 2 2 1 1 2 2 1 1 1 2 1 1 2 2 2 2 2 1 2 2 2 1 2 1 2 1 2 2 1 1 1 1 2 1 1 2 2 1 1 2 1 2
12 1 3 1 
2 1 2 2 2 1 2 1 2 1 1 1 1 2 2 2 2 1 2 1 1 2 1 1 2 2 1 2 1 1 2 2 2 2 2 1 2 2 2 1 1 1 2 1 2 2 2 1 1 1 2 1 2 1 2 1 1 2 1 1
63 29 21 0 
2 1 2 2 2 1 1 1 1 2 2 2 1 2 2 2 1 2 2 2 1 1 1 2 2 1 2 1 1 2 2 1 2 2 2 2 2 2 1 1 2 2 1 1 2 2 1 2 2 1 2 2 1 1 2 1 1 2 1 1
196 67 16 0 
2 1 2 2 1 1 1 1 2 2 2 2 1 2 2 2 1 1 2 1 1 1 1 2 2 2 1 2 1 1 2 2 2 2 2 2 2 2 2 1 2 2 2 2 2 1 1 1 2 2 2 2 1 2 1 2 1 2 1 1
152 35 111 1 
1 1 1 2 2 1 2 1 2 1 1 1 1 1 2 2 1 1 1 2 1 1 2 1 2 2 1 2 1 1 2 1 2 2 1 1 2 2 1 1 2 1 1 1 2 2 2 2 1 1 1 2 1 1 2 1 2 2 1 1
110 30 95 1 
1 1 2 2 1 1 1 1 1 1 1 1 1 2 2 2 1 2 1 2 1 1 1 1 2 2 1 2 2 1 1 1 1 2 1 2 1 2 1 1 2 2 2 1 1 2 1 1 2 1 2 1 1 1 1 1 2 2 1 1
11 1 3 0 
2 1 2 2 2 1 1 1 2 1 2 2 1 2 2 2 1 1 2 1 1 2 2 1 2 1 1 1 1 1 2 1 2 2 2 1 2 2 2 1 1 1 2 1 2 2 1 1 1 1 2 1 1 1 2 1 2 2 1 1
197 161 5 0 
1 1 2 2 1 1 1 1 1 1 1 1 2 2 1 1 1 2 1 2 1 1 1 1 2 2 2 2 1 2 1 2 2 2 2 2 2 2 1 2 2 2 1 2 2 2 1 1 1 2 1 2 1 1 1 1 2 2 2 1
84 30 58 1 
1 1 2 2 1 1 1 2 1 1 1 2 2 2 1 1 2 2 2 2 1 1 1 2 2 1 2 1 2 1 1 1 2 2 1 2 2 2 1 1 2 2 2 1 2 2 1 1 2 1 2 1 1 1 1 1 2 2 1 1
140 122 70 0 
1 2 2 2 1 1 1 1 1 1 1 2 2 2 2 2 2 2 2 1 1 1 1 2 2 2 2 2 1 1 1 1 2 2 1 2 2 2 1 1 2 2 1 2 2 1 1 1 1 1 1 2 1 2 1 1 2 2 1 1
91 79 18 1 
2 1 2 2 1 1 1 1 1 2 2 1 2 2 2 1 1 2 1 2 1 1 2 1 1 2 2 2 2 2 2 1 2 2 1 1 2 2 1 1 2 1 1 2 2 2 2 1 1 2 1 2 1 1 1 1 2 2 1 1
127 94 16 1 
2 1 2 2 1 1 1 1 1 2 1 2 2 2 2 2 1 1 1 1 2 2 1 2 2 1 2 1 1 1 2 2 2 2 1 2 2 2 1 1 2 1 2 1 2 2 1 2 1 1 2 1 1 2 1 2 2 2 1 1
88 73 46 1 
2 1 1 2 2 1 2 1 2 1 1 2 2 1 2 2 1 2 1 2 2 1 1 2 1 2 2 2 1 1 2 2 2 2 1 2 2 2 1 1 1 2 2 1 2 2 1 1 1 1 1 2 1 1 2 2 2 2 1 1
138 71 51 0 
2 2 2 1 2 2 1 1 2 1 1 2 1 1 2 2 2 1 1 2 1 1 2 1 2 2 2 1 1 1 2 1 2 2 2 2 2 2 1 1 2 1 2 1 2 2 1 2 2 2 2 2 1 2 1 1 2 2 2 1
8 1 3 1 
2 1 1 2 2 1 2 1 2 1 2 2 1 2 2 2 2 1 2 1 1 2 2 1 1 2 1 2 1 1 2 2 2 2 1 2 2 2 2 1 1 2 2 1 2 2 2 2 1 1 2 1 2 1 2 1 1 2 1 2
2 0 0 1 
2 1 2 2 2 1 2 1 1 2 1 2 1 2 2 2 1 1 2 1 1 1 2 2 2 2 2 2 2 2 1 2 1 2 1 2 1 2 1 2 2 2 2 2 1 2 1 1 2 2 2 2 2 1 2 1 2 2 1 1
130 122 112 0 
1 1 2 2 1 1 1 1 2 1 2 2 2 2 2 2 2 1 2 1 1 1 1 2 2 1 2 1 1 1 1 2 1 2 1 2 2 2 1 1 2 2 1 1 2 2 2 2 1 1 1 1 1 1 1 1 2 2 2 2
72 50 33 0 
1 2 1 2 2 1 1 1 1 1 2 2 2 2 1 2 2 2 2 2 1 1 2 2 1 1 1 2 1 1 2 2 2 2 2 1 2 2 2 1 2 1 2 1 2 2 1 1 1 1 2 1 1 2 2 1 1 2 1 2
41 13 3 1 
1 1 2 2 1 1 1 1 1 1 1 1 2 2 1 2 2 1 2 2 1 1 1 2 2 1 1 1 1 1 2 2 2 2 2 2 2 2 1 1 2 2 1 1 2 2 1 2 1 1 1 2 1 1 1 1 1 2 1 1
9 2 3 0 
1 1 2 2 2 1 2 1 1 1 1 1 1 2 2 2 1 2 2 1 1 2 2 1 2 1 2 1 2 1 2 1 2 2 2 1 2 2 2 1 2 1 2 1 2 2 1 1 2 1 2 1 1 1 1 1 2 2 1 1
50 19 43 1 
1 2 1 2 2 2 1 1 1 1 2 2 2 2 1 1 2 2 2 1 1 1 2 2 1 2 2 1 1 1 2 2 2 2 2 2 2 2 1 2 2 2 1 2 2 2 1 2 1 1 2 2 1 2 2 2 1 1 1 1
20 2 3 1 
1 1 2 2 2 1 2 1 2 1 2 1 2 2 2 1 1 2 1 2 1 1 2 2 2 2 2 2 2 1 2 2 1 2 1 1 1 2 2 1 2 1 2 1 1 2 1 1 2 1 2 1 1 1 2 1 2 2 1 2
160 134 76 1 
1 1 2 2 1 1 1 1 1 2 1 1 2 2 1 2 2 1 1 1 1 1 1 2 1 2 1 2 1 2 2 1 2 2 2 2 2 2 1 1 2 2 1 2 2 2 2 2 1 1 2 2 1 2 1 2 1 2 1 1
16 2 3 0 
1 1 2 2 1 1 1 1 2 1 2 2 2 2 2 2 1 1 1 1 1 2 2 2 2 1 2 1 2 1 2 2 2 2 2 2 2 2 1 1 2 1 2 1 1 2 1 2 2 1 2 1 2 1 2 1 2 2 1 1
107 36 51 0 
1 2 2 1 1 2 2 1 1 1 1 2 2 2 2 2 1 1 1 2 1 1 1 1 1 1 1 1 1 1 1 1 2 2 2 2 2 2 2 1 1 2 1 1 2 2 2 2 2 1 2 2 2 2 1 1 2 2 1 1
68 1 63 1 
2 2 1 2 2 1 2 1 2 2 1 2 1 1 2 2 1 2 1 2 1 1 2 1 2 2 1 2 1 2 2 1 2 2 1 2 2 2 2 1 2 2 2 1 2 2 1 1 1 1 2 2 1 1 2 1 2 2 1 1
2 0 0 1 
2 1 2 2 2 1 2 1 1 2 1 2 1 2 2 2 1 1 2 1 1 1 2 2 2 2 2 2 2 2 1 2 1 2 1 2 1 2 1 2 2 2 2 2 1 2 1 1 2 2 2 2 2 1 2 1 2 2 1 1
181 57 163 1 
1 1 2 2 1 1 2 2 1 2 2 2 2 2 2 2 1 2 1 2 2 1 2 2 2 2 2 2 2 1 1 1 2 2 2 2 2 2 1 1 2 2 1 1 2 2 1 1 1 1 2 2 2 1 2 1 2 2 1 2
39 19 21 1 
1 1 2 2 1 1 1 1 2 1 2 2 2 2 2 2 1 1 1 2 1 1 2 2 1 1 2 1 1 1 2 1 2 2 2 2 2 2 2 1 2 2 2 1 2 2 2 1 1 1 2 1 1 1 2 1 1 2 1 1
99 60 37 1 
1 2 2 1 1 2 1 1 1 1 2 2 1 2 2 2 1 1 1 2 2 1 1 2 1 2 1 2 1 2 2 2 2 2 2 1 2 2 1 1 1 2 1 2 2 1 1 1 1 2 1 2 1 2 1 1 2 2 1 1
10 2 3 0 
1 1 2 2 1 1 2 1 1 1 2 2 1 2 2 2 1 2 2 1 1 2 2 1 2 2 2 2 2 1 1 2 1 2 1 2 1 2 1 1 2 2 2 1 1 2 1 1 2 1 2 2 1 1 1 1 2 2 1 2
87 14 63 0 
1 1 2 2 1 1 1 1 1 2 1 2 1 1 2 2 1 2 2 2 1 1 1 2 1 1 1 1 1 2 2 1 2 2 2 2 2 2 2 1 1 2 1 1 2 2 2 1 1 2 1 2 1 1 1 1 1 2 1 1
80 53 31 1 
2 2 1 2 1 1 1 1 1 2 1 2 1 1 2 2 2 2 2 2 1 1 2 1 2 2 1 2 1 1 1 2 2 2 1 1 2 2 1 1 2 2 2 1 2 2 1 2 1 1 2 1 1 1 1 1 2 2 1 2
109 50 49 1 
1 1 1 2 2 1 1 1 1 1 2 1 2 1 1 2 2 1 1 2 1 2 2 1 1 1 2 1 1 1 2 2 2 2 2 1 2 2 2 2 2 1 1 1 2 1 1 1 1 2 2 2 1 1 2 1 1 2 1 2
190 133 26 1 
2 2 2 2 1 1 1 2 1 1 2 1 2 1 1 2 2 1 1 2 1 1 1 2 1 1 1 2 1 2 1 2 2 2 1 1 2 1 2 1 1 2 2 2 2 2 2 1 1 2 2 2 2 1 2 1 1 2 1 2
164 124 115 1 
2 2 2 2 1 2 2 1 1 1 2 1 2 1 2 2 2 2 1 2 1 1 1 2 2 2 1 2 1 1 2 1 2 2 2 2 2 2 1 1 1 2 1 2 2 2 1 1 1 2 2 2 1 1 1 1 2 1 1 2
118 86 18 0 
2 1 2 2 1 1 1 1 1 2 1 1 2 1 1 2 2 1 2 1 1 1 2 2 1 2 1 2 1 2 2 1 2 1 2 1 2 2 2 1 2 1 1 1 2 2 1 1 1 1 1 1 1 1 1 1 1 2 1 1
48 32 10 0 
2 1 2 2 1 1 1 1 2 1 2 2 1 2 2 2 1 2 1 1 1 2 2 1 2 2 2 2 1 1 2 2 1 2 1 2 2 2 1 1 2 2 2 2 2 2 2 1 1 1 2 2 1 1 1 1 2 2 2 1
96 4 46 1 
2 1 2 2 2 1 1 1 1 1 2 2 2 2 2 2 1 2 1 2 1 1 2 2 2 2 1 2 1 1 2 2 2 2 1 2 2 2 2 1 2 2 1 1 2 2 1 1 1 1 2 2 1 1 1 1 2 2 2 2
96 4 46 1 
2 1 2 2 2 1 1 1 1 1 2 2 2 2 2 2 1 2 1 2 1 1 2 2 2 2 1 2 1 1 2 2 2 2 1 2 2 2 2 1 2 2 1 1 2 2 1 1 1 1 2 2 1 1 1 1 2 2 2 2
110 30 95 1 
1 1 2 2 1 1 1 1 1 1 1 1 1 2 2 2 1 2 1 2 1 1 1 1 2 2 1 2 2 1 1 1 1 2 1 2 1 2 1 1 2 2 2 1 1 2 1 1 2 1 2 1 1 1 1 1 2 2 1 1
