1
30
L0 L1 L2 L3 L4 L5 L6 L7 L8 L9 L10 L11 L12 L13 L14 L15 L16 L17 L18 L19 L20 L21 L22 L23 L24 L25 L26 L27 L28 L29

1
406
169 116 51 1 
2 1 1 2 2 2 2 1 2 1 2 2 2 2 2 2 2 1 1 2 1 1 2 1 2 1 1 2 1 1 1 1 2 2 2 2 2 2 1 2 2 2 2 2 2 2 2 2 2 1 1 1 2 2 2 2 1 1 2 1
131 56 64 0 
2 2 2 1 2 1 2 2 2 1 2 2 1 2 1 2 1 2 1 2 1 1 1 2 2 1 2 2 2 2 1 1 2 1 2 2 2 1 1 2 2 1 2 1 2 2 2 2 1 1 2 2 1 1 1 2 1 2 2 2
137 34 121 1 
2 2 1 2 2 2 2 2 2 1 1 2 1 1 2 2 1 2 1 2 1 1 2 2 1 2 2 2 1 1 1 1 1 2 2 2 2 2 2 2 1 1 2 2 1 1 1 2 2 2 2 2 2 1 1 2 1 1 1 2
91 31 38 1 
2 1 1 1 1 2 2 2 2 2 1 1 1 2 2 2 1 1 1 1 1 1 1 2 1 1 1 2 1 1 1 1 1 2 1 2 2 2 1 2 1 1 2 2 2 1 2 2 2 1 1 2 1 2 2 2 1 1 1 1
58 42 37 1 
2 2 1 2 1 2 2 2 1 2 2 2 1 1 1 1 2 1 2 1 2 1 2 1 1 2 1 2 1 1 1 1 2 2 2 1 2 2 2 2 1 2 2 2 1 2 2 2 2 2 2 2 1 2 1 1 1 1 1 1
135 26 100 0 
2 2 1 1 1 2 2 1 2 2 2 2 2 1 2 1 2 1 2 2 1 1 1 1 2 1 1 2 1 2 1 1 2 1 1 2 2 1 2 1 1 1 1 2 2 1 2 2 1 2 1 2 2 2 1 1 1 2 1 1
188 124 147 0 
2 1 1 2 1 2 2 2 2 2 2 2 1 1 1 2 1 1 2 1 2 1 2 2 2 2 1 2 1 2 1 1 2 2 2 2 2 2 1 2 1 1 2 2 2 1 2 2 2 1 2 2 1 1 1 2 1 1 1 1
201 7 151 1 
2 2 1 1 1 2 2 2 2 1 2 2 1 1 1 1 2 1 2 2 1 1 2 1 2 2 2 2 1 1 1 1 1 2 2 1 2 2 2 2 2 2 2 2 2 2 2 2 2 2 1 2 2 1 2 1 1 1 2 1
177 14 87 0 
2 2 1 1 1 1 2 1 2 1 2 2 1 2 1 1 1 2 2 2 1 1 2 2 1 1 1 1 2 1 1 1 1 1 2 2 2 1 2 2 1 2 2 2 1 1 2 2 1 2 2 2 1 1 1 2 2 1 2 2
56 7 25 1 
2 2 2 1 2 1 2 2 2 2 2 2 1 1 1 1 2 1 1 1 1 1 2 1 2 2 2 2 1 2 1 1 2 2 2 2 2 2 1 1 2 2 2 2 2 2 2 2 1 1 1 2 2 1 2 1 1 1 2 2
70 16 60 0 
2 2 2 1 2 2 2 1 2 1 2 2 2 1 2 1 1 1 1 2 1 1 2 2 2 2 2 2 1 2 1 1 2 1 1 2 1 2 1 1 2 1 2 2 1 1 2 2 2 2 1 2 2 2 1 1 1 1 1 2
1 0 0 1 
2 2 1 1 2 2 2 1 1 2 2 1 1 2 1 1 1 1 2 2 1 1 2 1 1 2 2 2 1 2 1 1 1 1 2 1 1 2 1 1 1 1 2 2 1 2 2 1 2 2 1 2 1 2 1 1 2 2 2 2
42 15 6 1 
2 2 2 1 2 1 2 2 2 1 1 2 1 1 2 1 2 2 2 2 1 2 1 2 1 1 1 2 1 1 1 1 2 2 1 2 2 1 2 2 1 1 2 2 1 1 2 2 1 2 2 2 1 2 1 2 1 1 1 1
12 3 2 1 
1 2 2 1 2 1 1 2 1 2 2 2 1 1 2 1 1 1 1 2 1 1 2 1 1 2 2 2 1 2 1 1 1 2 2 1 1 1 2 1 2 2 2 2 2 1 2 2 2 1 2 2 2 1 1 1 1 1 1 2
86 77 80 1 
1 2 2 1 2 1 2 2 1 2 1 1 1 2 1 2 1 1 2 1 1 1 2 2 1 2 2 1 1 1 1 1 2 1 2 2 2 1 2 2 1 1 2 2 2 1 2 2 1 1 1 2 2 1 2 2 1 1 1 1
25 12 17 0 
2 2 1 1 1 1 2 2 2 2 2 2 1 2 1 2 1 2 1 2 1 1 2 1 1 2 2 2 1 2 1 1 1 2 2 2 1 2 2 1 2 1 2 2 2 1 2 1 1 2 2 2 1 1 1 1 1 2 2 2
145 58 50 0 
2 2 2 1 2 1 2 2 2 2 2 2 1 2 1 2 1 1 1 1 2 1 2 1 1 1 2 1 1 1 1 1 2 1 1 2 2 1 2 1 2 1 2 2 2 1 2 2 2 1 2 2 1 1 1 2 1 2 1 2
81 42 43 0 
2 2 1 2 1 2 2 2 2 2 1 2 1 2 1 2 2 2 2 1 1 1 2 1 1 2 2 2 1 2 1 1 2 2 2 2 2 2 2 1 1 1 2 2 1 2 2 2 1 2 2 1 1 2 1 1 1 1 1 1
163 85 37 1 
2 2 2 1 2 2 2 2 1 2 2 1 2 1 1 1 1 1 2 1 1 1 1 1 2 2 2 2 2 2 1 1 2 2 1 2 1 1 2 2 1 2 2 2 1 2 2 2 1 1 2 2 1 2 1 1 1 1 2 1
77 53 51 1 
2 1 1 2 2 2 2 2 2 1 1 2 1 2 1 1 1 1 2 2 1 1 2 1 1 1 2 2 1 1 1 1 2 2 1 2 1 2 2 2 1 1 2 2 2 2 1 2 1 1 2 1 1 2 1 2 1 1 1 1
61 22 20 1 
2 2 1 1 1 2 2 2 2 2 2 2 1 1 2 1 1 1 1 2 1 1 1 2 1 1 2 2 1 1 1 1 1 1 2 2 1 1 2 1 2 1 2 2 1 2 2 2 1 2 2 2 2 2 2 2 1 1 1 2
141 86 94 1 
2 2 1 1 1 2 2 2 1 1 1 2 1 1 2 1 1 2 1 2 1 1 2 1 1 1 2 1 1 1 1 1 2 2 2 2 1 1 2 1 1 1 2 2 2 2 2 1 1 1 1 2 2 1 2 1 1 1 1 2
201 7 151 1 
2 2 1 1 1 2 2 2 2 1 2 2 1 1 1 1 2 1 2 2 1 1 2 1 2 2 2 2 1 1 1 1 1 2 2 1 2 2 2 2 2 2 2 2 2 2 2 2 2 2 1 2 2 1 2 1 1 1 2 1
146 89 105 0 
2 2 2 1 2 1 2 2 1 2 2 2 1 2 1 2 1 1 1 2 1 1 1 1 2 1 1 1 1 1 1 1 1 1 2 1 2 2 2 2 2 1 1 1 1 2 2 2 2 1 2 2 2 2 1 1 1 1 1 1
46 1 41 1 
2 2 1 1 2 1 1 2 2 2 1 2 2 1 1 1 1 1 2 2 1 1 2 2 1 1 2 2 2 1 1 1 1 1 1 2 2 2 1 2 1 1 2 1 1 2 1 2 2 1 2 2 2 2 1 2 2 1 2 1
121 58 27 0 
2 2 2 1 2 2 2 2 1 2 2 2 1 2 1 2 2 2 2 2 2 1 1 2 2 2 2 2 1 1 1 1 2 1 2 2 2 2 2 2 1 1 2 1 1 2 2 2 2 2 2 2 1 1 1 2 1 1 1 2
168 14 84 1 
2 2 1 1 1 2 2 2 2 1 2 2 2 1 1 1 1 1 2 2 1 1 1 2 1 2 2 1 2 1 1 1 2 1 1 1 2 2 1 1 1 1 2 2 1 2 2 1 1 2 2 2 2 1 2 1 1 2 2 2
191 1 178 1 
2 1 1 2 2 2 1 2 2 2 1 1 2 2 1 2 1 1 2 2 1 2 2 2 1 1 2 2 2 1 1 1 1 2 2 2 1 2 1 2 1 1 2 1 2 2 1 2 2 2 2 2 2 2 1 1 2 1 2 1
199 47 80 0 
2 2 1 1 1 2 2 2 2 2 2 1 1 2 1 2 1 1 2 2 1 1 2 2 1 2 1 1 1 1 1 1 2 1 2 2 2 1 2 2 1 2 2 2 2 1 2 2 1 2 2 2 1 1 1 2 1 1 2 2
166 73 83 0 
1 2 2 1 2 1 2 2 2 2 1 2 1 1 1 1 1 1 1 2 1 2 2 2 1 2 2 2 2 2 1 1 1 2 1 1 2 2 1 1 1 1 2 2 2 1 2 1 2 2 1 2 2 1 1 1 1 1 2 2
112 59 84 1 
2 2 1 1 2 2 2 2 1 1 2 2 1 1 1 1 2 1 2 2 1 1 2 1 1 2 2 1 1 1 1 1 2 1 2 1 2 2 1 1 1 1 2 2 1 1 2 2 2 2 2 1 1 1 1 1 1 2 2 2
24 9 23 0 
2 2 1 1 2 2 2 2 1 2 2 1 2 1 2 2 2 1 2 1 1 1 2 2 2 2 2 2 1 2 1 1 1 1 2 2 1 1 1 2 1 1 2 1 1 2 2 2 2 1 1 2 2 1 1 2 1 1 1 2
86 77 80 1 
1 2 2 1 2 1 2 2 1 2 1 1 1 2 1 2 1 1 2 1 1 1 2 2 1 2 2 1 1 1 1 1 2 1 2 2 2 1 2 2 1 1 2 2 2 1 2 2 1 1 1 2 2 1 2 2 1 1 1 1
88 59 76 1 
2 2 2 1 2 1 2 2 2 1 1 2 1 1 2 1 2 1 2 2 1 1 1 1 1 2 1 2 1 1 1 1 2 2 1 2 2 1 2 2 1 2 2 2 1 2 2 2 1 1 1 1 2 2 1 2 2 1 2 1
127 4 96 0 
1 1 2 2 2 2 1 2 1 2 2 2 2 2 2 2 1 2 1 2 1 2 2 1 2 1 2 1 1 1 1 1 1 2 2 2 1 2 2 2 2 1 1 2 2 1 2 2 1 1 2 2 1 1 1 1 1 1 2 1
195 1 66 1 
2 2 1 1 2 2 2 1 1 1 2 2 1 1 1 2 1 1 2 1 1 1 1 2 1 1 2 2 1 1 1 1 1 1 2 2 1 1 1 1 1 2 2 2 1 2 2 2 2 1 1 2 2 2 1 1 2 1 2 1
175 116 55 1 
2 2 1 1 2 1 2 2 2 1 1 2 1 1 2 1 2 1 1 2 1 2 1 1 2 1 2 1 1 1 1 1 1 2 2 2 1 1 2 2 2 1 2 2 2 1 2 2 2 2 2 2 2 2 1 2 1 1 2 1
150 78 62 1 
2 2 1 1 1 1 1 2 1 2 1 2 2 1 1 2 1 2 2 2 1 2 1 2 2 1 2 1 2 1 1 1 1 2 1 1 2 2 2 2 2 1 2 2 1 2 2 2 1 1 2 1 2 2 1 2 1 1 2 1
113 26 55 0 
2 2 1 2 2 1 2 2 2 2 2 2 2 1 2 1 2 1 2 2 1 2 1 2 2 1 1 2 1 1 1 1 2 2 1 2 2 2 2 2 1 1 1 2 2 2 2 2 1 1 1 1 2 2 1 2 2 1 1 1
105 91 49 0 
2 2 1 1 1 1 2 2 2 2 1 2 1 2 2 2 1 1 1 2 1 1 1 1 1 1 1 2 1 1 1 1 1 2 1 2 2 2 2 2 1 1 2 1 1 2 2 2 1 1 2 2 2 1 2 1 1 1 1 1
152 21 5 1 
2 2 1 1 2 1 1 2 1 2 1 2 2 2 1 1 1 2 2 2 1 1 1 1 1 2 2 1 1 1 1 1 1 2 1 1 1 1 1 1 2 1 2 2 1 1 2 2 1 2 1 2 2 2 2 1 2 1 1 1
90 59 82 1 
2 2 1 1 2 2 2 2 2 2 1 2 1 1 2 1 2 2 2 2 1 1 2 1 1 2 1 2 1 1 1 1 2 1 2 2 2 1 2 2 1 2 2 2 1 2 2 2 1 1 1 1 2 2 1 2 1 1 1 1
50 22 40 0 
2 1 1 1 1 2 2 2 2 2 2 1 2 1 2 1 1 2 1 2 1 1 1 2 1 2 1 2 1 1 1 1 1 1 2 2 1 1 1 1 2 1 2 2 1 1 2 2 1 2 2 2 1 2 2 2 1 2 2 1
82 11 40 0 
2 2 1 1 2 1 2 2 1 2 2 2 1 1 1 1 1 2 2 2 1 1 1 1 2 2 2 1 2 1 1 1 2 1 1 2 1 1 1 2 2 2 2 2 2 2 2 2 1 1 1 1 2 2 2 2 1 1 2 1
127 4 96 0 
1 1 2 2 2 2 1 2 1 2 2 2 2 2 2 2 1 2 1 2 1 2 2 1 2 1 2 1 1 1 1 1 1 2 2 2 1 2 2 2 2 1 1 2 2 1 2 2 1 1 2 2 1 1 1 1 1 1 2 1
11 1 2 1 
2 2 1 1 2 1 2 2 1 2 2 2 1 1 1 1 1 1 2 2 1 1 1 1 2 2 2 2 2 2 1 1 1 2 1 1 2 1 1 1 1 2 2 2 2 2 1 2 2 1 1 1 1 2 1 2 2 1 2 2
187 53 105 1 
2 2 1 1 2 1 2 2 2 2 1 1 1 1 1 2 2 1 2 1 2 1 2 1 1 1 1 2 1 1 1 1 2 1 2 1 1 2 2 2 1 1 2 2 1 1 1 2 2 1 2 2 1 1 1 2 1 1 1 1
23 3 2 0 
1 2 2 1 2 1 2 2 2 2 1 2 1 2 2 2 1 2 1 2 1 1 2 1 2 2 2 2 1 2 1 1 1 2 2 2 1 2 2 2 1 1 1 2 2 1 2 2 2 1 1 2 2 1 2 2 1 1 1 2
135 26 100 0 
2 2 1 1 1 2 2 1 2 2 2 2 2 1 2 1 2 1 2 2 1 1 1 1 2 1 1 2 1 2 1 1 2 1 1 2 2 1 2 1 1 1 1 2 2 1 2 2 1 2 1 2 2 2 1 1 1 2 1 1
101 3 17 1 
2 2 1 1 2 2 2 2 2 2 1 2 1 2 2 1 1 1 1 2 1 1 2 1 2 2 2 1 1 1 1 1 2 2 2 2 2 1 2 1 1 1 1 2 2 1 2 1 1 2 1 1 2 1 2 1 1 2 1 2
139 90 84 1 
2 2 1 1 2 2 2 2 2 1 2 2 1 1 1 1 2 1 2 2 1 1 2 1 2 2 2 1 1 1 1 1 2 1 2 1 2 2 2 1 2 1 2 2 1 2 2 1 1 2 1 2 2 1 1 1 1 2 1 2
21 1 2 1 
2 2 1 1 2 1 1 2 1 1 1 2 2 2 1 2 1 2 2 2 1 1 1 1 1 2 2 2 1 2 1 1 1 2 1 1 2 1 1 1 1 2 2 2 2 1 2 2 2 1 1 1 1 2 1 2 2 1 2 1
191 1 178 1 
2 1 1 2 2 2 1 2 2 2 1 1 2 2 1 2 1 1 2 2 1 2 2 2 1 1 2 2 2 1 1 1 1 2 2 2 1 2 1 2 1 1 2 1 2 2 1 2 2 2 2 2 2 2 1 1 2 1 2 1
103 1 33 1 
2 2 1 1 2 1 2 1 1 1 2 2 1 1 1 2 1 1 2 1 1 1 2 1 1 2 2 2 1 1 1 1 1 1 2 1 1 2 1 1 1 1 2 2 2 1 1 2 2 1 2 1 2 1 1 1 2 2 2 1
106 14 67 1 
2 2 1 2 2 1 2 2 1 2 2 2 2 2 1 2 1 2 2 2 1 2 1 1 1 1 1 1 1 1 1 1 2 2 2 2 2 2 2 2 1 1 2 2 1 1 1 2 2 1 2 2 1 2 1 2 2 1 2 2
154 34 76 1 
1 2 2 1 2 1 2 2 2 2 1 2 1 1 2 1 1 2 1 2 1 1 1 2 2 1 2 2 1 2 1 1 1 2 2 2 2 1 2 2 1 2 1 2 2 2 2 2 2 1 2 2 2 2 1 2 1 1 1 1
164 46 93 0 
2 2 1 2 1 2 2 1 2 1 1 2 2 1 1 2 1 1 2 1 1 1 2 1 1 2 2 2 2 2 1 1 1 1 1 2 2 1 1 2 1 2 1 2 2 2 2 2 1 2 2 2 2 2 2 2 1 1 1 1
89 34 83 1 
1 2 2 2 2 2 2 2 1 2 2 2 1 1 1 1 1 1 2 1 1 1 1 2 2 2 1 2 1 1 1 1 1 2 2 1 2 2 2 2 1 2 1 2 1 1 2 2 2 2 2 2 2 2 1 1 1 1 1 1
179 91 35 0 
1 2 1 2 2 2 2 1 2 2 1 2 2 2 2 2 1 2 1 2 1 1 2 1 1 1 2 1 1 1 1 1 2 1 2 2 2 1 2 1 1 1 2 2 2 1 2 2 2 1 2 2 2 1 2 1 1 1 1 1
134 36 30 1 
2 2 2 1 1 2 1 1 1 1 2 1 2 1 1 2 1 1 2 2 1 2 2 2 2 2 2 2 2 1 1 1 2 1 2 2 2 2 2 2 1 1 1 2 2 2 2 2 1 2 2 2 2 2 2 1 1 1 2 1
21 1 2 1 
2 2 1 1 2 1 1 2 1 1 1 2 2 2 1 2 1 2 2 2 1 1 1 1 1 2 2 2 1 2 1 1 1 2 1 1 2 1 1 1 1 2 2 2 2 1 2 2 2 1 1 1 1 2 1 2 2 1 2 1
78 4 57 1 
2 2 1 1 1 1 2 1 1 1 2 1 2 2 2 1 1 1 2 2 1 1 1 1 2 1 2 2 2 1 1 1 1 1 1 1 2 2 2 1 2 2 2 2 2 1 2 2 2 1 2 2 2 1 1 2 1 1 2 2
97 9 40 1 
2 2 2 1 2 1 2 2 1 2 2 1 2 1 2 2 2 1 2 1 1 1 1 1 2 2 2 1 1 1 1 1 1 1 2 2 1 1 1 2 1 2 2 2 1 1 2 2 2 1 2 1 2 2 1 2 2 1 2 1
122 45 65 0 
2 2 2 2 2 2 2 2 2 1 1 2 1 1 2 1 2 1 2 1 1 1 2 1 1 2 2 2 1 2 1 1 1 2 2 1 1 1 2 1 2 2 2 2 2 2 2 1 1 2 2 2 1 1 1 2 1 1 1 2
64 26 63 0 
2 2 1 1 1 1 2 2 2 1 2 2 2 2 1 2 1 2 2 2 1 1 1 2 2 1 1 2 1 2 1 1 2 1 1 2 2 1 2 2 1 1 2 1 2 2 1 2 2 1 1 2 2 1 1 2 1 2 1 2
10 1 2 1 
2 2 1 2 2 2 2 2 1 1 2 2 1 2 1 1 1 1 2 2 1 1 2 1 1 1 2 1 2 2 1 1 1 2 1 1 2 1 1 1 1 2 2 2 1 1 2 2 2 1 1 2 1 1 1 1 2 1 2 1
163 85 37 1 
2 2 2 1 2 2 2 2 1 2 2 1 2 1 1 1 1 1 2 1 1 1 1 1 2 2 2 2 2 2 1 1 2 2 1 2 1 1 2 2 1 2 2 2 1 2 2 2 1 1 2 2 1 2 1 1 1 1 2 1
115 101 41 0 
2 2 1 1 2 2 2 2 2 2 2 2 1 1 2 1 1 1 1 2 1 1 1 1 2 1 2 2 1 1 1 1 2 2 2 2 1 2 1 2 1 1 2 1 1 2 1 2 2 1 1 1 1 2 1 2 1 1 2 1
199 47 80 0 
2 2 1 1 1 2 2 2 2 2 2 1 1 2 1 2 1 1 2 2 1 1 2 2 1 2 1 1 1 1 1 1 2 1 2 2 2 1 2 2 1 2 2 2 2 1 2 2 1 2 2 2 1 1 1 2 1 1 2 2
38 19 23 0 
2 1 1 2 2 2 2 2 2 2 2 1 2 2 2 2 2 1 2 1 2 1 2 2 1 2 2 2 1 2 1 1 2 2 2 2 2 2 2 2 1 1 2 2 1 1 2 2 1 1 1 2 2 2 2 2 1 1 1 2
157 13 81 0 
2 2 1 1 2 1 1 2 2 2 1 1 2 1 1 1 1 2 2 2 1 1 1 2 2 1 2 2 2 1 1 1 2 2 1 2 1 2 1 1 1 1 2 2 2 2 2 2 1 2 2 1 1 2 1 1 1 1 2 1
167 139 51 1 
2 2 1 1 2 2 2 2 2 1 2 2 1 2 1 2 1 2 2 2 1 1 2 2 2 2 2 2 1 1 1 1 1 2 1 2 2 2 1 2 1 2 2 2 2 2 1 2 2 1 2 1 2 2 1 2 1 1 1 1
194 152 178 1 
2 2 1 1 2 2 1 2 1 2 1 2 2 2 1 2 2 2 2 2 1 1 1 2 1 1 2 2 1 1 1 1 2 2 1 2 1 2 1 2 2 1 2 1 1 2 2 2 1 2 1 2 2 2 2 1 2 1 1 1
108 13 93 1 
2 2 1 1 2 2 2 1 1 1 2 2 2 1 1 2 1 1 2 2 1 1 1 1 2 2 2 2 2 2 1 1 1 1 1 2 2 1 1 2 1 2 2 2 2 2 1 2 2 2 2 2 1 2 1 2 1 1 1 1
138 21 41 0 
2 2 1 1 2 2 1 2 1 2 2 2 2 1 1 1 1 1 2 2 1 1 1 1 2 1 2 2 2 1 1 1 2 1 1 2 1 2 1 2 2 1 2 2 2 1 2 2 1 1 1 2 2 2 1 2 2 1 2 1
75 54 38 0 
1 2 2 1 2 2 2 2 1 2 2 1 1 2 2 2 1 1 1 1 1 1 2 2 2 2 2 2 1 2 1 1 2 2 2 2 2 2 2 2 2 1 2 2 2 1 2 2 1 1 2 2 1 2 2 2 1 1 2 1
33 21 8 0 
2 2 1 1 1 1 1 1 1 1 1 2 2 1 1 2 2 1 2 1 1 1 1 1 1 2 2 2 1 1 1 1 1 2 1 1 2 1 1 1 1 2 2 2 1 2 2 2 1 2 1 2 1 2 1 1 2 1 1 1
5 1 2 0 
2 2 1 1 2 1 1 2 1 2 2 2 1 2 1 1 1 2 2 2 1 1 2 1 1 2 2 1 1 1 1 1 1 2 2 1 1 1 1 1 1 1 2 2 1 1 2 2 2 1 2 2 2 1 1 1 2 1 2 1
144 34 33 1 
1 2 2 1 2 1 2 1 2 1 1 1 1 2 1 2 1 1 2 2 1 1 1 1 2 1 1 2 1 1 1 1 2 2 2 1 2 1 1 1 1 2 2 2 1 2 1 2 2 1 2 1 2 1 1 1 1 1 1 1
192 159 179 0 
1 2 2 2 2 2 1 1 1 2 2 1 1 2 2 2 1 1 1 1 1 1 2 2 2 1 2 2 1 1 1 1 1 1 1 2 2 1 2 1 1 1 2 2 2 1 1 2 2 1 1 2 1 2 1 2 1 1 1 1
28 22 17 1 
2 2 1 1 1 1 2 2 2 1 2 2 1 1 1 2 1 2 2 2 1 1 1 1 1 2 1 2 1 2 1 1 2 1 1 1 1 1 1 1 2 1 2 2 2 1 2 2 1 1 1 2 2 2 2 2 1 1 1 1
158 136 38 1 
2 1 1 2 2 2 2 2 1 2 2 1 1 2 1 2 1 1 2 1 1 1 2 2 1 2 2 2 1 1 1 1 2 2 2 2 1 2 2 2 1 1 2 2 1 1 1 2 2 1 2 1 2 2 2 2 1 1 1 2
2 0 0 0 
2 2 2 1 2 1 2 2 1 2 2 2 2 1 2 1 2 1 2 2 1 1 1 1 2 1 2 1 2 1 1 1 2 2 1 2 1 2 1 2 2 1 2 2 2 1 2 2 1 1 1 2 2 1 2 1 1 1 2 1
17 1 2 0 
2 2 1 1 2 1 2 2 1 2 2 2 1 2 1 2 1 2 2 2 1 1 1 1 2 2 2 1 2 1 1 1 1 2 1 2 2 1 1 1 1 1 2 2 2 1 1 2 2 1 2 1 1 2 1 2 2 1 2 1
13 1 2 1 
2 2 1 2 2 2 1 2 2 1 1 2 2 1 1 1 1 1 2 2 1 1 1 1 2 2 2 2 2 2 1 1 1 2 1 1 2 1 1 1 1 2 2 2 2 2 1 2 2 1 2 2 2 1 1 1 2 1 2 1
182 142 67 0 
2 2 1 2 2 1 2 2 2 2 2 2 1 2 2 2 1 2 2 2 1 2 1 1 2 1 2 1 1 2 1 1 1 2 2 2 2 2 2 2 1 1 1 2 2 1 2 2 2 1 2 2 2 2 1 2 1 1 1 2
55 18 6 0 
2 2 2 1 1 1 2 2 2 1 2 2 1 1 1 1 1 1 2 2 2 2 1 2 1 1 1 2 1 1 1 1 2 2 2 2 2 1 2 2 1 1 2 2 2 1 2 2 1 2 1 2 2 2 2 1 1 1 1 1
69 3 51 0 
2 2 1 2 2 2 2 1 2 1 1 2 2 1 2 1 1 1 1 2 1 1 2 1 1 2 2 2 1 1 1 1 1 2 2 2 1 2 2 2 1 1 1 1 2 2 2 2 1 1 1 1 2 2 1 2 1 1 1 1
93 7 30 0 
2 2 1 2 1 2 2 1 2 1 2 2 1 1 2 2 1 1 1 2 1 1 1 1 2 2 2 2 2 2 1 1 1 1 2 2 2 1 2 2 2 2 2 2 2 2 2 2 2 2 1 2 2 2 1 2 1 1 2 1
29 14 6 0 
2 2 1 1 2 1 2 2 1 2 2 2 2 1 1 2 1 1 2 2 1 2 1 2 1 2 1 1 1 1 1 1 2 2 2 2 2 1 2 2 1 2 2 2 2 2 2 2 1 2 2 2 1 1 1 1 2 1 2 2
37 7 8 0 
2 2 2 1 2 2 2 1 2 1 1 2 1 1 1 1 1 1 1 1 1 1 2 1 2 2 2 2 1 2 1 1 2 2 2 1 2 1 2 2 2 2 2 2 2 2 2 2 1 2 1 2 2 2 2 1 1 1 2 1
156 77 126 0 
2 2 1 1 2 2 2 2 1 1 1 1 1 1 1 1 1 1 2 2 1 1 1 2 1 1 2 1 1 1 1 1 2 2 2 2 1 2 2 2 1 2 2 2 2 2 1 2 1 1 2 1 2 2 2 2 1 1 1 1
148 31 51 1 
1 1 1 2 1 2 2 1 2 1 2 2 2 2 1 2 1 2 2 2 1 1 1 2 1 2 1 2 1 1 1 1 1 2 1 2 2 2 1 2 1 1 2 1 2 2 2 2 1 1 2 1 2 2 2 2 1 1 1 1
5 1 2 0 
2 2 1 1 2 1 1 2 1 2 2 2 1 2 1 1 1 2 2 2 1 1 2 1 1 2 2 1 1 1 1 1 1 2 2 1 1 1 1 1 1 1 2 2 1 1 2 2 2 1 2 2 2 1 1 1 2 1 2 1
72 59 51 0 
2 2 1 1 2 2 2 2 1 2 1 2 1 1 2 2 2 2 2 2 1 1 1 1 1 1 1 2 1 1 1 1 2 2 1 2 2 2 2 2 1 2 2 2 1 2 2 2 1 1 1 1 2 2 1 2 1 1 1 1
194 152 178 1 
2 2 1 1 2 2 1 2 1 2 1 2 2 2 1 2 2 2 2 2 1 1 1 2 1 1 2 2 1 1 1 1 2 2 1 2 1 2 1 2 2 1 2 1 1 2 2 2 1 2 1 2 2 2 2 1 2 1 1 1
19 3 2 1 
2 2 1 2 2 2 2 2 2 1 2 2 2 1 2 2 2 2 2 2 2 1 2 1 1 1 2 1 1 1 1 1 2 2 2 2 2 2 2 2 1 1 1 2 2 1 2 2 1 1 1 1 2 2 2 2 1 1 1 1
110 59 29 1 
2 2 2 1 2 1 2 2 2 2 1 2 1 2 1 1 1 1 2 2 1 1 2 1 1 1 2 1 1 1 1 1 2 2 2 2 2 2 1 2 1 1 2 2 2 2 2 2 2 2 1 2 2 1 1 1 1 2 1 2
166 73 83 0 
1 2 2 1 2 1 2 2 2 2 1 2 1 1 1 1 1 1 1 2 1 2 2 2 1 2 2 2 2 2 1 1 1 2 1 1 2 2 1 1 1 1 2 2 2 1 2 1 2 2 1 2 2 1 1 1 1 1 2 2
45 42 40 1 
2 2 2 1 2 1 2 2 2 2 1 2 1 1 2 1 2 2 2 2 1 1 2 2 1 2 2 2 1 1 1 1 2 1 2 2 1 1 2 2 1 2 2 2 1 2 2 2 2 1 2 1 1 2 1 2 1 1 1 1
15 3 2 1 
2 2 1 2 2 2 2 2 2 1 1 2 1 2 2 2 1 2 2 2 2 1 2 1 1 1 2 1 1 1 1 1 2 2 2 1 2 2 2 2 1 1 1 2 2 1 2 2 1 1 1 2 2 1 1 1 1 1 1 1
124 110 29 1 
2 2 1 1 1 1 2 2 2 2 2 2 2 1 1 1 1 1 2 2 1 2 2 2 1 2 2 1 1 1 1 1 2 2 2 2 2 2 1 2 1 1 2 2 2 2 2 2 2 2 2 2 1 1 1 1 1 1 1 2
173 91 96 0 
1 1 1 1 1 1 2 2 2 1 1 1 2 1 2 2 1 2 1 2 1 2 2 1 1 1 1 1 1 1 1 1 1 2 1 1 2 1 1 2 1 1 2 2 2 1 2 2 2 1 1 2 1 2 2 2 1 1 1 1
165 26 153 1 
2 2 1 2 1 2 2 2 1 2 2 1 2 1 2 2 2 2 2 2 1 1 1 2 1 2 2 2 1 1 1 1 2 2 2 2 1 2 1 2 1 2 2 2 2 2 1 2 2 2 2 2 2 2 1 1 1 1 1 2
95 12 40 1 
2 1 1 1 1 2 1 2 2 2 2 2 1 1 2 2 1 1 2 2 1 1 1 1 2 2 2 1 1 1 1 1 1 2 2 1 1 1 2 2 2 2 2 2 1 2 2 2 2 1 2 1 2 2 1 1 1 2 1 1
57 22 33 0 
2 2 2 1 2 1 1 1 1 1 2 1 1 2 1 1 1 2 2 2 1 1 2 1 2 1 2 2 1 1 1 1 1 1 2 1 1 2 1 1 2 1 2 2 1 1 2 2 1 1 2 1 1 1 2 1 1 1 2 1
30 3 8 0 
2 2 2 1 2 2 1 1 1 1 1 2 1 1 2 1 1 1 2 1 2 1 2 1 2 2 2 2 1 2 1 1 2 1 2 2 2 1 2 2 1 2 1 2 2 2 2 2 2 2 2 2 2 2 2 1 1 1 1 1
54 3 24 1 
1 2 2 1 2 2 2 2 1 2 2 1 1 2 2 2 1 1 1 1 1 1 2 2 2 2 2 2 1 2 1 1 2 1 2 2 2 1 2 2 2 1 2 2 2 1 2 2 1 1 1 2 2 1 2 2 1 1 1 2
162 85 24 0 
2 2 2 1 2 2 2 2 1 2 2 1 2 1 1 2 1 1 2 1 1 1 1 2 2 2 1 2 2 2 1 1 2 1 1 2 2 1 2 1 1 1 2 2 2 1 2 2 1 1 2 2 1 1 1 2 1 1 1 1
13 1 2 1 
2 2 1 2 2 2 1 2 2 1 1 2 2 1 1 1 1 1 2 2 1 1 1 1 2 2 2 2 2 2 1 1 1 2 1 1 2 1 1 1 1 2 2 2 2 2 1 2 2 1 2 2 2 1 1 1 2 1 2 1
152 21 5 1 
2 2 1 1 2 1 1 2 1 2 1 2 2 2 1 1 1 2 2 2 1 1 1 1 1 2 2 1 1 1 1 1 1 2 1 1 1 1 1 1 2 1 2 2 1 1 2 2 1 2 1 2 2 2 2 1 2 1 1 1
143 106 43 1 
2 2 2 1 1 2 2 2 1 2 2 2 2 2 1 2 1 2 2 2 2 1 1 1 1 2 1 2 1 2 1 1 2 2 2 1 2 2 2 1 1 2 2 2 1 2 1 2 1 2 2 2 2 1 2 1 1 2 2 2
104 77 23 0 
2 1 1 2 2 2 2 2 1 2 2 1 2 2 1 2 1 2 2 2 1 1 1 1 1 2 2 2 1 2 1 1 2 2 1 2 1 2 2 2 1 1 2 1 2 1 1 2 1 2 2 1 2 2 1 2 1 1 1 2
117 54 63 1 
1 2 2 1 2 1 2 2 2 1 1 2 2 2 2 1 1 1 1 2 1 1 2 2 2 2 2 2 1 2 1 1 2 1 2 1 2 2 2 1 2 1 2 2 1 2 2 2 1 1 1 2 2 1 2 2 1 1 2 2
140 54 67 1 
2 1 1 2 2 2 2 2 1 2 2 2 1 2 2 2 1 2 1 2 1 2 2 2 2 2 2 2 2 2 1 1 1 2 2 2 1 2 2 2 1 1 2 2 1 1 2 2 1 1 2 2 1 2 2 2 1 1 1 2
67 18 38 0 
2 1 2 2 1 2 2 2 2 2 2 2 2 2 2 2 2 2 2 2 2 2 1 2 1 2 1 2 1 2 1 1 2 2 2 2 2 2 2 2 1 1 2 2 1 1 2 2 1 1 2 2 2 2 2 2 1 1 1 2
24 9 23 0 
2 2 1 1 2 2 2 2 1 2 2 1 2 1 2 2 2 1 2 1 1 1 2 2 2 2 2 2 1 2 1 1 1 1 2 2 1 1 1 2 1 1 2 1 1 2 2 2 2 1 1 2 2 1 1 2 1 1 1 2
119 73 17 0 
2 2 1 1 1 1 1 2 1 2 1 2 1 2 2 2 1 2 1 2 1 1 2 1 2 2 2 2 2 2 1 1 1 1 1 1 2 2 1 1 1 1 2 2 1 1 2 2 2 1 2 1 1 2 1 1 2 2 1 2
173 91 96 0 
1 1 1 1 1 1 2 2 2 1 1 1 2 1 2 2 1 2 1 2 1 2 2 1 1 1 1 1 1 1 1 1 1 2 1 1 2 1 1 2 1 1 2 2 2 1 2 2 2 1 1 2 1 2 2 2 1 1 1 1
62 42 40 0 
2 2 1 1 1 1 2 2 2 2 1 2 1 1 2 1 2 2 2 1 2 1 2 2 1 2 1 1 1 1 1 1 2 1 1 2 2 1 2 2 1 2 2 2 1 2 2 2 2 1 2 1 2 2 2 2 1 1 1 1
51 3 41 0 
1 2 2 1 2 2 1 2 1 2 2 2 2 1 2 1 2 1 2 2 1 1 2 1 2 1 2 2 1 1 1 1 2 2 2 2 2 2 2 2 2 1 2 1 2 2 2 2 1 1 1 1 2 2 2 2 1 1 1 1
92 15 55 1 
2 2 1 1 2 1 2 2 1 1 2 2 1 1 2 1 1 1 2 2 1 2 1 1 1 1 1 1 1 1 1 1 2 2 2 2 2 1 2 2 1 1 1 2 2 1 2 2 1 2 1 2 2 2 1 1 1 1 1 1
96 42 67 0 
2 1 1 2 1 2 2 2 1 2 1 2 1 2 1 2 2 2 2 2 2 2 1 1 1 1 1 1 1 1 1 1 2 2 1 2 1 2 2 2 1 1 2 2 1 1 2 2 1 1 2 2 1 2 1 2 1 1 1 1
83 58 25 0 
2 2 2 1 2 1 2 2 2 2 2 2 1 1 1 1 2 1 2 1 2 1 2 2 2 2 2 2 1 2 1 1 2 2 1 2 2 2 2 1 2 1 2 2 1 1 2 1 2 2 2 2 2 1 1 1 1 1 1 2
68 56 27 0 
2 1 1 1 1 2 2 2 2 2 2 2 1 2 1 2 2 2 1 2 1 1 1 2 2 2 2 2 2 1 1 1 2 2 2 2 2 2 1 2 2 1 2 1 2 2 2 2 1 2 2 2 1 1 1 2 1 1 2 2
4 3 2 1 
1 2 2 1 2 1 1 2 2 1 1 2 1 2 2 2 1 2 1 2 1 1 2 1 2 2 2 2 1 2 1 1 1 2 2 1 1 2 2 2 2 1 1 2 2 2 2 2 2 1 2 2 2 1 1 1 1 1 1 2
63 14 24 0 
2 2 1 1 1 2 2 2 1 1 2 2 2 2 1 2 1 2 2 2 1 1 2 2 1 2 2 2 2 2 1 1 1 1 1 2 2 1 1 2 1 1 2 1 2 2 2 2 1 1 2 2 2 1 1 2 2 1 2 2
31 14 23 1 
2 1 1 1 1 1 2 2 2 2 2 1 2 1 1 2 1 1 2 1 1 1 1 1 1 2 1 2 1 2 1 1 1 2 1 2 2 1 1 2 1 1 2 1 2 2 2 2 1 2 2 1 2 1 2 2 1 1 1 1
185 158 121 0 
1 2 2 1 2 2 2 2 1 1 2 2 1 1 1 1 1 2 1 2 1 2 2 1 2 2 2 2 1 1 1 1 2 2 2 2 1 2 2 2 1 1 2 2 1 1 2 2 1 2 1 2 2 1 2 1 1 1 1 1
50 22 40 0 
2 1 1 1 1 2 2 2 2 2 2 1 2 1 2 1 1 2 1 2 1 1 1 2 1 2 1 2 1 1 1 1 1 1 2 2 1 1 1 1 2 1 2 2 1 1 2 2 1 2 2 2 1 2 2 2 1 2 2 1
190 139 38 0 
2 1 1 2 2 2 2 2 1 2 2 1 1 2 1 2 1 1 2 1 1 1 1 2 2 2 2 2 1 2 1 1 1 2 1 2 2 2 1 2 1 1 2 2 1 1 1 2 2 1 2 2 1 2 1 2 2 1 2 2
76 45 8 0 
2 2 1 1 1 1 2 2 2 1 2 2 1 1 1 1 2 1 2 2 1 1 2 1 1 2 2 2 1 2 1 1 2 2 2 2 1 1 2 2 1 2 2 2 1 2 2 2 2 1 2 1 2 2 2 2 1 1 1 1
183 14 82 1 
2 2 1 1 2 2 2 2 2 2 2 2 2 1 1 1 1 1 2 2 1 1 1 1 1 2 1 2 1 2 1 1 2 1 2 2 2 1 2 1 1 2 2 2 2 2 2 2 1 1 2 1 2 2 2 2 1 1 1 1
43 7 17 0 
1 2 2 1 2 2 2 2 2 2 1 2 1 2 2 2 1 2 1 2 1 1 2 1 2 2 2 1 2 2 1 1 2 1 2 1 2 2 1 1 2 1 2 2 2 2 2 1 2 2 1 2 2 1 1 1 1 2 1 2
132 15 64 0 
2 2 1 1 2 1 2 2 2 1 1 2 1 2 2 2 2 2 2 2 1 1 1 1 1 2 1 1 1 1 1 1 2 2 1 2 2 1 2 2 1 1 1 2 2 2 2 1 1 2 1 2 2 1 1 2 1 1 1 1
98 73 81 1 
1 2 2 1 2 1 1 2 1 2 2 1 1 2 2 2 1 2 1 1 1 1 2 2 1 2 2 2 2 2 1 1 1 2 1 2 2 2 1 1 1 1 2 2 1 2 2 2 2 2 2 1 1 2 1 1 2 1 1 1
106 14 67 1 
2 2 1 2 2 1 2 2 1 2 2 2 2 2 1 2 1 2 2 2 1 2 1 1 1 1 1 1 1 1 1 1 2 2 2 2 2 2 2 2 1 1 2 2 1 1 1 2 2 1 2 2 1 2 1 2 2 1 2 2
200 142 41 0 
2 2 1 1 2 1 1 2 2 2 1 2 1 1 2 1 1 2 2 2 1 1 2 2 1 1 2 2 1 1 1 1 1 1 2 2 2 2 2 2 1 1 1 1 2 1 2 2 2 1 2 1 1 2 2 2 1 1 1 1
143 106 43 1 
2 2 2 1 1 2 2 2 1 2 2 2 2 2 1 2 1 2 2 2 2 1 1 1 1 2 1 2 1 2 1 1 2 2 2 1 2 2 2 1 1 2 2 2 1 2 1 2 1 2 2 2 2 1 2 1 1 2 2 2
26 15 17 1 
2 2 1 1 2 1 2 2 2 1 2 2 2 1 2 1 2 1 2 2 1 1 1 1 1 2 2 1 1 1 1 1 2 2 1 2 2 1 2 1 1 1 1 2 2 2 2 1 1 2 1 2 2 1 1 1 1 2 1 2
48 9 23 0 
2 2 2 1 2 1 2 2 1 2 2 2 2 2 2 2 2 2 2 2 1 1 2 1 1 2 2 2 2 1 1 1 2 2 1 2 1 1 1 2 2 1 2 1 2 2 2 2 1 2 1 1 2 1 1 2 1 1 1 2
108 13 93 1 
2 2 1 1 2 2 2 1 1 1 2 2 2 1 1 2 1 1 2 2 1 1 1 1 2 2 2 2 2 2 1 1 1 1 1 2 2 1 1 2 1 2 2 2 2 2 1 2 2 2 2 2 1 2 1 2 1 1 1 1
66 12 8 0 
1 2 2 1 1 2 2 1 2 1 2 2 1 1 1 2 1 1 2 1 1 1 2 2 1 2 2 2 1 1 1 1 1 1 1 2 1 1 2 1 2 2 2 2 2 2 2 2 1 2 2 2 1 2 1 1 1 1 1 1
19 3 2 1 
2 2 1 2 2 2 2 2 2 1 2 2 2 1 2 2 2 2 2 2 2 1 2 1 1 1 2 1 1 1 1 1 2 2 2 2 2 2 2 2 1 1 1 2 2 1 2 2 1 1 1 1 2 2 2 2 1 1 1 1
188 124 147 0 
2 1 1 2 1 2 2 2 2 2 2 2 1 1 1 2 1 1 2 1 2 1 2 2 2 2 1 2 1 2 1 1 2 2 2 2 2 2 1 2 1 1 2 2 2 1 2 2 2 1 2 2 1 1 1 2 1 1 1 1
178 3 41 0 
1 2 2 1 2 2 2 2 2 2 1 2 2 1 2 1 1 2 2 2 2 1 2 2 1 1 2 2 1 1 1 1 2 2 2 2 2 2 2 2 1 1 1 1 2 2 2 2 2 1 2 1 2 2 1 2 1 1 1 1
39 14 5 1 
2 2 1 1 1 1 2 1 1 1 2 2 1 1 1 1 1 1 2 2 1 1 2 1 1 1 2 2 2 1 1 1 1 2 1 1 2 1 2 1 1 1 2 2 2 1 2 2 2 2 2 2 1 2 1 1 2 2 2 1
174 34 87 1 
1 2 2 1 2 1 2 1 1 1 2 2 1 2 1 1 1 2 2 2 1 1 1 2 2 2 1 2 1 1 1 1 2 2 2 2 2 1 2 2 1 1 1 2 2 1 2 2 2 1 2 2 2 1 1 1 1 1 1 1
66 12 8 0 
1 2 2 1 1 2 2 1 2 1 2 2 1 1 1 2 1 1 2 1 1 1 2 2 1 2 2 2 1 1 1 1 1 1 1 2 1 1 2 1 2 2 2 2 2 2 2 2 1 2 2 2 1 2 1 1 1 1 1 1
62 42 40 0 
2 2 1 1 1 1 2 2 2 2 1 2 1 1 2 1 2 2 2 1 2 1 2 2 1 2 1 1 1 1 1 1 2 1 1 2 2 1 2 2 1 2 2 2 1 2 2 2 2 1 2 1 2 2 2 2 1 1 1 1
34 3 17 1 
1 2 2 1 2 2 2 2 2 1 1 2 1 1 2 1 1 1 1 2 1 1 2 1 1 2 2 1 1 1 1 1 1 2 2 2 2 2 2 1 1 1 1 2 2 1 2 1 2 2 2 2 2 1 1 1 1 1 1 1
167 139 51 1 
2 2 1 1 2 2 2 2 2 1 2 2 1 2 1 2 1 2 2 2 1 1 2 2 2 2 2 2 1 1 1 1 1 2 1 2 2 2 1 2 1 2 2 2 2 2 1 2 2 1 2 1 2 2 1 2 1 1 1 1
53 42 25 1 
2 2 1 1 2 1 2 2 2 2 1 2 1 1 1 1 2 1 2 2 2 1 2 2 1 1 1 2 1 1 1 1 2 2 1 2 1 1 2 2 1 2 2 2 1 2 2 1 1 2 2 2 1 1 1 1 1 1 1 2
174 34 87 1 
1 2 2 1 2 1 2 1 1 1 2 2 1 2 1 1 1 2 2 2 1 1 1 2 2 2 1 2 1 1 1 1 2 2 2 2 2 1 2 2 1 1 1 2 2 1 2 2 2 1 2 2 2 1 1 1 1 1 1 1
101 3 17 1 
2 2 1 1 2 2 2 2 2 2 1 2 1 2 2 1 1 1 1 2 1 1 2 1 2 2 2 1 1 1 1 1 2 2 2 2 2 1 2 1 1 1 1 2 2 1 2 1 1 2 1 1 2 1 2 1 1 2 1 2
109 7 55 1 
2 2 1 2 1 1 2 2 2 1 2 2 1 1 2 1 1 1 1 2 1 2 2 2 2 1 2 2 1 1 1 1 1 2 2 2 2 2 1 2 2 1 2 2 2 2 2 2 2 1 1 1 2 2 1 2 1 1 1 1
131 56 64 0 
2 2 2 1 2 1 2 2 2 1 2 2 1 2 1 2 1 2 1 2 1 1 1 2 2 1 2 2 2 2 1 1 2 1 2 2 2 1 1 2 2 1 2 1 2 2 2 2 1 1 2 2 1 1 1 2 1 2 2 2
60 1 37 0 
2 2 1 1 2 2 2 1 1 1 2 2 1 1 1 1 1 1 2 1 1 1 2 1 2 2 2 2 2 2 1 1 1 2 2 2 2 2 1 2 1 2 2 2 1 2 1 2 2 2 2 2 2 2 1 1 2 1 2 2
8 3 2 0 
2 2 1 1 2 1 1 2 1 1 2 2 1 1 2 1 1 1 1 2 1 1 2 1 2 2 2 2 1 2 1 1 1 2 2 1 1 1 2 1 2 2 2 2 2 2 2 2 2 1 2 1 2 2 1 2 1 1 1 1
161 74 41 0 
2 2 1 1 2 2 2 2 2 2 1 2 1 1 1 2 1 2 1 2 1 1 2 1 2 1 2 2 2 1 1 1 1 1 2 2 2 2 2 2 2 1 2 2 2 1 2 2 2 1 1 2 2 2 2 2 1 1 2 1
128 45 37 1 
2 2 2 1 2 2 2 2 2 2 1 1 1 1 2 1 2 1 2 1 1 1 2 2 1 2 2 2 1 1 1 1 2 2 2 1 1 2 2 2 1 2 2 2 2 2 2 2 1 1 1 1 2 2 2 2 1 1 1 2
28 22 17 1 
2 2 1 1 1 1 2 2 2 1 2 2 1 1 1 2 1 2 2 2 1 1 1 1 1 2 1 2 1 2 1 1 2 1 1 1 1 1 1 1 2 1 2 2 2 1 2 2 1 1 1 2 2 2 2 2 1 1 1 1
126 86 72 0 
1 2 2 1 2 2 2 2 1 1 1 1 1 1 1 2 1 2 2 2 1 1 2 1 1 1 1 2 1 1 1 1 2 2 2 2 2 2 2 2 1 2 2 2 2 2 2 2 1 1 1 1 2 2 2 2 1 1 1 1
105 91 49 0 
2 2 1 1 1 1 2 2 2 2 1 2 1 2 2 2 1 1 1 2 1 1 1 1 1 1 1 2 1 1 1 1 1 2 1 2 2 2 2 2 1 1 2 1 1 2 2 2 1 1 2 2 2 1 2 1 1 1 1 1
40 3 5 0 
1 2 1 1 2 1 2 2 2 2 1 2 1 1 2 1 1 2 1 2 1 1 2 1 2 2 2 1 1 1 1 1 1 2 2 1 1 1 2 1 2 1 2 2 2 1 2 2 1 2 1 2 2 2 2 1 1 2 1 1
133 7 71 1 
1 2 2 2 1 2 2 2 2 2 2 2 1 1 1 1 1 1 2 1 1 1 1 1 2 1 2 1 2 1 1 1 2 2 2 1 2 1 2 1 2 2 2 2 2 2 2 2 1 1 1 2 2 1 2 2 1 1 2 1
182 142 67 0 
2 2 1 2 2 1 2 2 2 2 2 2 1 2 2 2 1 2 2 2 1 2 1 1 2 1 2 1 1 2 1 1 1 2 2 2 2 2 2 2 1 1 1 2 2 1 2 2 2 1 2 2 2 2 1 2 1 1 1 2
170 13 100 0 
2 2 1 1 2 1 1 1 2 2 2 2 1 1 1 1 1 1 2 2 1 1 1 1 2 1 2 2 2 1 1 1 2 1 1 1 2 2 1 1 2 1 2 2 2 1 2 2 1 1 2 2 2 1 1 1 2 2 2 1
102 45 20 0 
2 2 2 1 1 1 2 2 2 2 2 2 1 1 2 1 2 1 2 2 1 1 2 2 2 1 2 1 1 1 1 1 2 1 2 2 1 1 2 1 1 1 2 2 2 1 2 2 1 1 1 2 2 2 2 2 1 2 1 1
102 45 20 0 
2 2 2 1 1 1 2 2 2 2 2 2 1 1 2 1 2 1 2 2 1 1 2 2 2 1 2 1 1 1 1 1 2 1 2 2 1 1 2 1 1 1 2 2 2 1 2 2 1 1 1 2 2 2 2 2 1 2 1 1
35 15 5 0 
2 2 2 1 2 2 2 1 1 2 2 2 2 2 2 1 2 2 2 2 1 1 1 1 1 1 1 2 1 1 1 1 2 1 1 2 2 1 2 1 1 1 2 2 1 1 2 2 1 1 2 2 1 1 1 1 1 1 1 1
52 36 29 1 
2 2 2 1 1 2 1 2 1 1 2 2 2 2 1 1 1 1 2 2 1 1 1 1 1 2 1 1 1 1 1 1 2 2 2 2 2 1 2 2 1 2 2 2 2 2 2 2 2 2 1 2 2 1 2 1 1 2 2 2
82 11 40 0 
2 2 1 1 2 1 2 2 1 2 2 2 1 1 1 1 1 2 2 2 1 1 1 1 2 2 2 1 2 1 1 1 2 1 1 2 1 1 1 2 2 2 2 2 2 2 2 2 1 1 1 1 2 2 2 2 1 1 2 1
113 26 55 0 
2 2 1 2 2 1 2 2 2 2 2 2 2 1 2 1 2 1 2 2 1 2 1 2 2 1 1 2 1 1 1 1 2 2 1 2 2 2 2 2 1 1 1 2 2 2 2 2 1 1 1 1 2 2 1 2 2 1 1 1
149 125 135 0 
2 2 2 1 1 1 1 2 1 2 2 2 1 1 2 1 2 1 2 2 2 1 2 1 1 1 2 2 2 2 1 1 1 1 2 2 2 1 2 1 1 1 2 1 2 1 2 2 2 2 2 2 2 2 2 1 1 2 1 1
158 136 38 1 
2 1 1 2 2 2 2 2 1 2 2 1 1 2 1 2 1 1 2 1 1 1 2 2 1 2 2 2 1 1 1 1 2 2 2 2 1 2 2 2 1 1 2 2 1 1 1 2 2 1 2 1 2 2 2 2 1 1 1 2
71 56 2 0 
2 2 2 1 2 1 2 2 2 1 2 2 1 2 1 2 1 2 1 2 1 1 2 1 2 1 2 1 1 1 1 1 2 2 2 1 2 1 1 1 2 1 2 2 2 2 2 2 1 1 2 2 1 1 1 2 1 1 2 1
97 9 40 1 
2 2 2 1 2 1 2 2 1 2 2 1 2 1 2 2 2 1 2 1 1 1 1 1 2 2 2 1 1 1 1 1 1 1 2 2 1 1 1 2 1 2 2 2 1 1 2 2 2 1 2 1 2 2 1 2 2 1 2 1
87 52 57 0 
2 2 1 2 1 2 1 1 1 1 2 2 2 2 1 1 1 2 2 2 1 1 1 2 1 2 1 2 1 1 1 1 2 1 2 2 1 1 2 1 2 1 2 2 2 1 2 2 2 1 2 2 1 1 1 2 1 1 2 1
125 39 27 1 
2 2 1 2 1 2 1 2 1 2 2 1 1 1 1 2 1 2 2 2 1 2 1 2 1 2 2 2 2 1 1 1 1 1 1 2 2 2 2 2 1 1 2 1 2 2 2 2 2 2 2 2 2 2 1 2 2 1 1 1
1 0 0 1 
2 2 1 1 2 2 2 1 1 2 2 1 1 2 1 1 1 1 2 2 1 1 2 1 1 2 2 2 1 2 1 1 1 1 2 1 1 2 1 1 1 1 2 2 1 2 2 1 2 2 1 2 1 2 1 1 2 2 2 2
180 42 156 0 
2 2 2 1 2 2 2 2 1 1 2 1 1 1 1 1 2 1 2 2 2 1 2 2 1 1 2 2 1 1 1 1 2 2 2 2 1 1 2 2 1 1 2 2 1 2 2 1 1 1 2 2 2 2 2 2 1 1 1 1
67 18 38 0 
2 1 2 2 1 2 2 2 2 2 2 2 2 2 2 2 2 2 2 2 2 2 1 2 1 2 1 2 1 2 1 1 2 2 2 2 2 2 2 2 1 1 2 2 1 1 2 2 1 1 2 2 2 2 2 2 1 1 1 2
65 13 50 0 
2 2 2 1 2 1 2 2 1 2 2 2 1 2 1 2 1 1 2 1 1 1 1 1 2 2 2 2 2 1 1 1 2 1 1 2 1 1 1 1 2 1 2 2 2 1 1 2 2 1 2 2 2 1 1 2 2 1 2 2
73 39 43 1 
2 1 1 2 1 2 1 2 1 2 2 1 1 1 1 2 1 1 2 1 1 1 2 2 1 2 2 2 2 2 1 1 1 2 1 1 2 2 1 1 1 1 2 2 1 2 2 2 2 2 2 1 1 2 1 1 2 1 1 2
32 19 6 0 
2 2 1 1 2 2 2 2 1 2 2 2 1 2 2 1 2 1 2 2 2 1 1 2 1 1 1 2 1 1 1 1 2 2 2 2 2 2 2 2 1 1 1 2 2 2 2 2 1 2 1 2 2 2 2 2 1 1 1 1
178 3 41 0 
1 2 2 1 2 2 2 2 2 2 1 2 2 1 2 1 1 2 2 2 2 1 2 2 1 1 2 2 1 1 1 1 2 2 2 2 2 2 2 2 1 1 1 1 2 2 2 2 2 1 2 1 2 2 1 2 1 1 1 1
161 74 41 0 
2 2 1 1 2 2 2 2 2 2 1 2 1 1 1 2 1 2 1 2 1 1 2 1 2 1 2 2 2 1 1 1 1 1 2 2 2 2 2 2 2 1 2 2 2 1 2 2 2 1 1 2 2 2 2 2 1 1 2 1
186 128 161 0 
2 2 2 1 2 2 2 2 2 2 1 2 1 1 1 2 1 2 1 2 1 1 2 1 1 1 2 2 1 2 1 1 2 1 1 2 2 2 2 2 1 2 2 2 2 2 2 2 1 2 1 1 2 2 2 2 1 1 2 1
128 45 37 1 
2 2 2 1 2 2 2 2 2 2 1 1 1 1 2 1 2 1 2 1 1 1 2 2 1 2 2 2 1 1 1 1 2 2 2 1 1 2 2 2 1 2 2 2 2 2 2 2 1 1 1 1 2 2 2 2 1 1 1 2
12 3 2 1 
1 2 2 1 2 1 1 2 1 2 2 2 1 1 2 1 1 1 1 2 1 1 2 1 1 2 2 2 1 2 1 1 1 2 2 1 1 1 2 1 2 2 2 2 2 1 2 2 2 1 2 2 2 1 1 1 1 1 1 2
153 128 29 0 
2 2 2 1 2 2 2 2 2 2 1 2 1 1 2 2 2 1 2 2 1 1 2 1 2 2 2 1 1 1 1 1 2 2 1 2 2 2 2 2 2 2 2 2 2 2 2 2 1 2 1 2 2 1 2 1 1 1 1 2
134 36 30 1 
2 2 2 1 1 2 1 1 1 1 2 1 2 1 1 2 1 1 2 2 1 2 2 2 2 2 2 2 2 1 1 1 2 1 2 2 2 2 2 2 1 1 1 2 2 2 2 2 1 2 2 2 2 2 2 1 1 1 2 1
58 42 37 1 
2 2 1 2 1 2 2 2 1 2 2 2 1 1 1 1 2 1 2 1 2 1 2 1 1 2 1 2 1 1 1 1 2 2 2 1 2 2 2 2 1 2 2 2 1 2 2 2 2 2 2 2 1 2 1 1 1 1 1 1
100 1 33 0 
2 2 1 1 2 1 1 1 2 1 2 2 1 1 1 2 1 2 2 2 1 1 1 1 2 1 2 2 2 1 1 1 1 1 2 1 1 2 1 1 1 1 2 2 1 1 2 2 2 1 2 1 2 1 1 1 2 2 2 1
45 42 40 1 
2 2 2 1 2 1 2 2 2 2 1 2 1 1 2 1 2 2 2 2 1 1 2 2 1 2 2 2 1 1 1 1 2 1 2 2 1 1 2 2 1 2 2 2 1 2 2 2 2 1 2 1 1 2 1 2 1 1 1 1
196 175 104 0 
2 2 1 1 1 2 2 2 1 2 1 1 1 2 2 2 1 1 2 2 2 1 1 1 1 1 1 2 1 2 1 1 2 2 2 1 1 1 2 2 1 1 2 2 1 2 2 1 2 1 2 2 2 2 1 1 1 1 2 1
120 101 32 0 
2 2 1 1 2 2 2 2 2 1 2 2 2 1 1 2 1 2 2 2 1 2 1 1 2 1 1 2 1 1 1 1 2 2 2 2 1 2 1 2 1 1 2 1 2 2 2 2 1 1 1 1 1 2 1 2 2 1 2 1
115 101 41 0 
2 2 1 1 2 2 2 2 2 2 2 2 1 1 2 1 1 1 1 2 1 1 1 1 2 1 2 2 1 1 1 1 2 2 2 2 1 2 1 2 1 1 2 1 1 2 1 2 2 1 1 1 1 2 1 2 1 1 2 1
202 183 104 1 
2 2 1 1 2 2 2 2 2 1 2 2 1 2 1 1 1 1 2 2 1 1 1 1 1 2 1 2 1 1 1 1 1 2 2 2 2 2 2 2 1 1 2 1 2 1 2 1 1 1 2 1 2 2 2 2 1 1 1 2
47 22 29 1 
2 2 1 1 2 1 1 2 1 2 2 2 2 1 1 1 1 1 2 2 1 2 2 1 1 2 1 1 1 1 1 1 2 2 1 2 1 2 1 2 2 1 2 2 1 2 2 2 1 2 2 2 1 1 2 1 1 1 1 2
200 142 41 0 
2 2 1 1 2 1 1 2 2 2 1 2 1 1 2 1 1 2 2 2 1 1 2 2 1 1 2 2 1 1 1 1 1 1 2 2 2 2 2 2 1 1 1 1 2 1 2 2 2 1 2 1 1 2 2 2 1 1 1 1
130 110 30 1 
2 2 2 2 2 2 2 1 2 1 2 2 1 1 1 1 1 1 2 1 1 1 1 1 1 2 2 2 1 2 1 1 2 1 2 2 2 1 1 2 1 2 2 1 2 2 2 2 2 2 2 2 1 2 1 2 1 1 1 1
145 58 50 0 
2 2 2 1 2 1 2 2 2 2 2 2 1 2 1 2 1 1 1 1 2 1 2 1 1 1 2 1 1 1 1 1 2 1 1 2 2 1 2 1 2 1 2 2 2 1 2 2 2 1 2 2 1 1 1 2 1 2 1 2
130 110 30 1 
2 2 2 2 2 2 2 1 2 1 2 2 1 1 1 1 1 1 2 1 1 1 1 1 1 2 2 2 1 2 1 1 2 1 2 2 2 1 1 2 1 2 2 1 2 2 2 2 2 2 2 2 1 2 1 2 1 1 1 1
120 101 32 0 
2 2 1 1 2 2 2 2 2 1 2 2 2 1 1 2 1 2 2 2 1 2 1 1 2 1 1 2 1 1 1 1 2 2 2 2 1 2 1 2 1 1 2 1 2 2 2 2 1 1 1 1 1 2 1 2 2 1 2 1
68 56 27 0 
2 1 1 1 1 2 2 2 2 2 2 2 1 2 1 2 2 2 1 2 1 1 1 2 2 2 2 2 2 1 1 1 2 2 2 2 2 2 1 2 2 1 2 1 2 2 2 2 1 2 2 2 1 1 1 2 1 1 2 2
91 31 38 1 
2 1 1 1 1 2 2 2 2 2 1 1 1 2 2 2 1 1 1 1 1 1 1 2 1 1 1 2 1 1 1 1 1 2 1 2 2 2 1 2 1 1 2 2 2 1 2 2 2 1 1 2 1 2 2 2 1 1 1 1
181 59 63 1 
2 2 1 1 2 2 2 2 1 1 1 2 1 2 1 1 1 1 2 2 1 1 1 2 1 1 1 2 1 2 1 1 2 1 2 2 2 1 1 2 1 1 2 2 1 2 2 2 1 1 1 2 2 1 1 1 1 2 1 2
154 34 76 1 
1 2 2 1 2 1 2 2 2 2 1 2 1 1 2 1 1 2 1 2 1 1 1 2 2 1 2 2 1 2 1 1 1 2 2 2 2 1 2 2 1 2 1 2 2 2 2 2 2 1 2 2 2 2 1 2 1 1 1 1
43 7 17 0 
1 2 2 1 2 2 2 2 2 2 1 2 1 2 2 2 1 2 1 2 1 1 2 1 2 2 2 1 2 2 1 1 2 1 2 1 2 2 1 1 2 1 2 2 2 2 2 1 2 2 1 2 2 1 1 1 1 2 1 2
138 21 41 0 
2 2 1 1 2 2 1 2 1 2 2 2 2 1 1 1 1 1 2 2 1 1 1 1 2 1 2 2 2 1 1 1 2 1 1 2 1 2 1 2 2 1 2 2 2 1 2 2 1 1 1 2 2 2 1 2 2 1 2 1
17 1 2 0 
2 2 1 1 2 1 2 2 1 2 2 2 1 2 1 2 1 2 2 2 1 1 1 1 2 2 2 1 2 1 1 1 1 2 1 2 2 1 1 1 1 1 2 2 2 1 1 2 2 1 2 1 1 2 1 2 2 1 2 1
29 14 6 0 
2 2 1 1 2 1 2 2 1 2 2 2 2 1 1 2 1 1 2 2 1 2 1 2 1 2 1 1 1 1 1 1 2 2 2 2 2 1 2 2 1 2 2 2 2 2 2 2 1 2 2 2 1 1 1 1 2 1 2 2
119 73 17 0 
2 2 1 1 1 1 1 2 1 2 1 2 1 2 2 2 1 2 1 2 1 1 2 1 2 2 2 2 2 2 1 1 1 1 1 1 2 2 1 1 1 1 2 2 1 1 2 2 2 1 2 1 1 2 1 1 2 2 1 2
149 125 135 0 
2 2 2 1 1 1 1 2 1 2 2 2 1 1 2 1 2 1 2 2 2 1 2 1 1 1 2 2 2 2 1 1 1 1 2 2 2 1 2 1 1 1 2 1 2 1 2 2 2 2 2 2 2 2 2 1 1 2 1 1
197 61 40 1 
2 2 1 1 2 1 2 2 2 2 2 2 1 1 2 1 1 2 1 1 1 1 1 1 1 2 2 1 1 1 1 1 1 2 2 2 1 1 2 2 2 2 2 2 1 2 2 2 1 1 2 1 2 2 2 2 1 1 1 1
36 18 23 1 
2 2 2 2 1 1 1 2 1 2 2 2 2 2 1 2 1 1 2 1 1 1 1 2 1 2 1 2 1 2 1 1 2 1 2 2 2 1 2 2 1 1 2 1 1 2 2 2 1 2 2 1 2 2 2 2 1 1 2 1
181 59 63 1 
2 2 1 1 2 2 2 2 1 1 1 2 1 2 1 1 1 1 2 2 1 1 1 2 1 1 1 2 1 2 1 1 2 1 2 2 2 1 1 2 1 1 2 2 1 2 2 2 1 1 1 2 2 1 1 1 1 2 1 2
100 1 33 0 
2 2 1 1 2 1 1 1 2 1 2 2 1 1 1 2 1 2 2 2 1 1 1 1 2 1 2 2 2 1 1 1 1 1 2 1 1 2 1 1 1 1 2 2 1 1 2 2 2 1 2 1 2 1 1 1 2 2 2 1
172 74 132 0 
1 2 2 1 2 1 2 2 2 2 1 1 1 2 1 2 1 2 2 2 1 1 1 1 1 1 2 1 2 1 1 1 1 2 2 1 2 2 2 2 2 1 2 2 1 2 2 1 1 2 2 2 2 1 2 2 1 1 2 1
74 7 20 1 
1 2 2 1 2 1 2 2 2 2 1 2 1 1 1 1 2 1 1 2 1 1 2 1 2 1 2 1 2 1 1 1 1 2 2 2 2 2 2 2 2 1 2 2 2 1 2 2 2 1 1 2 2 2 1 2 1 1 1 2
75 54 38 0 
1 2 2 1 2 2 2 2 1 2 2 1 1 2 2 2 1 1 1 1 1 1 2 2 2 2 2 2 1 2 1 1 2 2 2 2 2 2 2 2 2 1 2 2 2 1 2 2 1 1 2 2 1 2 2 2 1 1 2 1
197 61 40 1 
2 2 1 1 2 1 2 2 2 2 2 2 1 1 2 1 1 2 1 1 1 1 1 1 1 2 2 1 1 1 1 1 1 2 2 2 1 1 2 2 2 2 2 2 1 2 2 2 1 1 2 1 2 2 2 2 1 1 1 1
61 22 20 1 
2 2 1 1 1 2 2 2 2 2 2 2 1 1 2 1 1 1 1 2 1 1 1 2 1 1 2 2 1 1 1 1 1 1 2 2 1 1 2 1 2 1 2 2 1 2 2 2 1 2 2 2 2 2 2 2 1 1 1 2
126 86 72 0 
1 2 2 1 2 2 2 2 1 1 1 1 1 1 1 2 1 2 2 2 1 1 2 1 1 1 1 2 1 1 1 1 2 2 2 2 2 2 2 2 1 2 2 2 2 2 2 2 1 1 1 1 2 2 2 2 1 1 1 1
162 85 24 0 
2 2 2 1 2 2 2 2 1 2 2 1 2 1 1 2 1 1 2 1 1 1 1 2 2 2 1 2 2 2 1 1 2 1 1 2 2 1 2 1 1 1 2 2 2 1 2 2 1 1 2 2 1 1 1 2 1 1 1 1
156 77 126 0 
2 2 1 1 2 2 2 2 1 1 1 1 1 1 1 1 1 1 2 2 1 1 1 2 1 1 2 1 1 1 1 1 2 2 2 2 1 2 2 2 1 2 2 2 2 2 1 2 1 1 2 1 2 2 2 2 1 1 1 1
39 14 5 1 
2 2 1 1 1 1 2 1 1 1 2 2 1 1 1 1 1 1 2 2 1 1 2 1 1 1 2 2 2 1 1 1 1 2 1 1 2 1 2 1 1 1 2 2 2 1 2 2 2 2 2 2 1 2 1 1 2 2 2 1
109 7 55 1 
2 2 1 2 1 1 2 2 2 1 2 2 1 1 2 1 1 1 1 2 1 2 2 2 2 1 2 2 1 1 1 1 1 2 2 2 2 2 1 2 2 1 2 2 2 2 2 2 2 1 1 1 2 2 1 2 1 1 1 1
65 13 50 0 
2 2 2 1 2 1 2 2 1 2 2 2 1 2 1 2 1 1 2 1 1 1 1 1 2 2 2 2 2 1 1 1 2 1 1 2 1 1 1 1 2 1 2 2 2 1 1 2 2 1 2 2 2 1 1 2 2 1 2 2
20 1 2 0 
2 2 1 1 2 1 2 2 1 2 2 2 1 1 1 1 1 1 2 2 1 1 2 1 1 1 2 1 1 1 1 1 1 2 2 2 1 2 1 2 1 1 2 2 2 1 1 2 2 1 2 2 1 2 1 2 2 1 2 1
42 15 6 1 
2 2 2 1 2 1 2 2 2 1 1 2 1 1 2 1 2 2 2 2 1 2 1 2 1 1 1 2 1 1 1 1 2 2 1 2 2 1 2 2 1 1 2 2 1 1 2 2 1 2 2 2 1 2 1 2 1 1 1 1
85 13 2 1 
2 2 2 1 2 2 2 2 1 1 2 2 2 1 1 1 1 1 2 2 1 1 1 1 2 2 2 1 2 1 1 1 2 2 1 2 1 2 1 2 2 1 2 2 2 1 2 2 1 1 2 2 1 1 1 1 1 1 1 2
122 45 65 0 
2 2 2 2 2 2 2 2 2 1 1 2 1 1 2 1 2 1 2 1 1 1 2 1 1 2 2 2 1 2 1 1 1 2 2 1 1 1 2 1 2 2 2 2 2 2 2 1 1 2 2 2 1 1 1 2 1 1 1 2
180 42 156 0 
2 2 2 1 2 2 2 2 1 1 2 1 1 1 1 1 2 1 2 2 2 1 2 2 1 1 2 2 1 1 1 1 2 2 2 2 1 1 2 2 1 1 2 2 1 2 2 1 1 1 2 2 2 2 2 2 1 1 1 1
176 88 68 0 
2 1 1 1 2 2 2 2 1 2 2 2 1 1 1 1 1 2 2 1 1 1 1 2 1 2 1 2 1 1 1 1 2 2 1 2 2 2 2 2 1 1 2 1 2 2 2 2 1 1 1 2 2 1 2 2 2 1 2 2
84 1 17 0 
2 2 1 1 2 2 2 2 1 1 2 2 1 1 1 1 1 1 2 2 1 1 2 1 1 2 2 1 1 1 1 1 1 1 1 1 2 2 1 1 1 1 2 2 1 2 2 1 2 2 1 2 1 1 1 1 2 2 2 2
3 0 0 1 
2 1 1 2 2 2 2 1 2 1 1 2 1 2 2 2 1 2 1 2 1 2 2 2 2 1 2 2 1 1 1 1 1 2 2 2 1 2 2 2 2 1 2 1 2 2 2 2 2 1 2 1 2 2 1 2 1 1 1 1
133 7 71 1 
1 2 2 2 1 2 2 2 2 2 2 2 1 1 1 1 1 1 2 1 1 1 1 1 2 1 2 1 2 1 1 1 2 2 2 1 2 1 2 1 2 2 2 2 2 2 2 2 1 1 1 2 2 1 2 2 1 1 2 1
26 15 17 1 
2 2 1 1 2 1 2 2 2 1 2 2 2 1 2 1 2 1 2 2 1 1 1 1 1 2 2 1 1 1 1 1 2 2 1 2 2 1 2 1 1 1 1 2 2 2 2 1 1 2 1 2 2 1 1 1 1 2 1 2
142 95 27 1 
1 2 1 1 2 2 1 2 2 2 2 1 1 1 2 2 1 2 2 2 1 1 1 2 2 1 1 2 1 1 1 1 1 1 2 2 1 2 2 2 2 1 2 1 2 2 2 2 2 2 2 2 2 1 1 2 1 1 1 1
38 19 23 0 
2 1 1 2 2 2 2 2 2 2 2 1 2 2 2 2 2 1 2 1 2 1 2 2 1 2 2 2 1 2 1 1 2 2 2 2 2 2 2 2 1 1 2 2 1 1 2 2 1 1 1 2 2 2 2 2 1 1 1 2
89 34 83 1 
1 2 2 2 2 2 2 2 1 2 2 2 1 1 1 1 1 1 2 1 1 1 1 2 2 2 1 2 1 1 1 1 1 2 2 1 2 2 2 2 1 2 1 2 1 1 2 2 2 2 2 2 2 2 1 1 1 1 1 1
118 54 6 1 
1 2 2 1 2 2 2 2 1 2 1 2 2 1 2 1 1 2 1 2 1 2 2 2 2 1 2 2 1 1 1 1 2 2 2 2 2 1 2 2 1 1 2 2 2 2 2 2 1 2 1 2 2 1 2 1 1 1 2 1
3 0 0 1 
2 1 1 2 2 2 2 1 2 1 1 2 1 2 2 2 1 2 1 2 1 2 2 2 2 1 2 2 1 1 1 1 1 2 2 2 1 2 2 2 2 1 2 1 2 2 2 2 2 1 2 1 2 2 1 2 1 1 1 1
155 11 105 1 
2 2 1 1 2 1 2 2 1 2 2 1 1 1 1 2 1 1 2 1 1 1 1 1 2 1 2 1 2 1 1 1 1 2 1 1 1 2 1 2 2 1 2 2 2 1 1 2 2 1 1 2 1 2 2 1 1 1 2 1
84 1 17 0 
2 2 1 1 2 2 2 2 1 1 2 2 1 1 1 1 1 1 2 2 1 1 2 1 1 2 2 1 1 1 1 1 1 1 1 1 2 2 1 1 1 1 2 2 1 2 2 1 2 2 1 2 1 1 1 1 2 2 2 2
190 139 38 0 
2 1 1 2 2 2 2 2 1 2 2 1 1 2 1 2 1 1 2 1 1 1 1 2 2 2 2 2 1 2 1 1 1 2 1 2 2 2 1 2 1 1 2 2 1 1 1 2 2 1 2 2 1 2 1 2 2 1 2 2
151 58 6 0 
2 2 1 1 2 1 2 2 1 2 2 2 1 1 1 1 1 1 1 2 1 2 1 2 2 1 2 2 1 2 1 1 2 2 1 2 2 1 2 2 1 2 2 2 2 1 2 2 2 1 2 2 1 1 1 2 1 1 1 1
159 4 84 1 
1 2 2 1 2 2 1 2 1 1 2 2 1 1 2 1 1 1 1 2 1 1 2 2 2 1 2 2 2 1 1 1 2 1 1 1 2 2 2 1 1 1 2 2 2 2 2 1 1 2 2 1 1 1 1 1 1 2 1 2
76 45 8 0 
2 2 1 1 1 1 2 2 2 1 2 2 1 1 1 1 2 1 2 2 1 1 2 1 1 2 2 2 1 2 1 1 2 2 2 2 1 1 2 2 1 2 2 2 1 2 2 2 2 1 2 1 2 2 2 2 1 1 1 1
80 54 29 0 
2 2 1 1 2 1 2 2 2 2 1 2 2 1 2 1 1 1 1 2 1 1 2 2 2 2 2 1 1 1 1 1 1 2 2 2 1 1 2 2 1 2 2 2 1 2 2 2 1 2 2 2 1 1 2 1 1 1 1 2
193 167 157 1 
2 2 1 1 2 2 2 1 2 2 2 1 1 2 1 1 1 1 2 2 1 1 2 1 2 1 2 2 1 2 1 1 2 2 2 1 2 2 2 1 2 1 2 2 2 2 1 2 1 2 1 1 2 2 2 1 1 1 1 1
73 39 43 1 
2 1 1 2 1 2 1 2 1 2 2 1 1 1 1 2 1 1 2 1 1 1 2 2 1 2 2 2 2 2 1 1 1 2 1 1 2 2 1 1 1 1 2 2 1 2 2 2 2 2 2 1 1 2 1 1 2 1 1 2
18 3 2 1 
2 2 1 2 2 1 1 2 1 2 2 2 2 1 2 1 2 1 2 2 2 1 2 1 2 1 2 1 1 1 1 1 2 2 2 2 2 2 2 2 2 1 2 2 2 1 2 2 1 1 1 2 2 2 2 2 1 1 1 2
70 16 60 0 
2 2 2 1 2 2 2 1 2 1 2 2 2 1 2 1 1 1 1 2 1 1 2 2 2 2 2 2 1 2 1 1 2 1 1 2 1 2 1 1 2 1 2 2 1 1 2 2 2 2 1 2 2 2 1 1 1 1 1 2
36 18 23 1 
2 2 2 2 1 1 1 2 1 2 2 2 2 2 1 2 1 1 2 1 1 1 1 2 1 2 1 2 1 2 1 1 2 1 2 2 2 1 2 2 1 1 2 1 1 2 2 2 1 2 2 1 2 2 2 2 1 1 2 1
192 159 179 0 
1 2 2 2 2 2 1 1 1 2 2 1 1 2 2 2 1 1 1 1 1 1 2 2 2 1 2 2 1 1 1 1 1 1 1 2 2 1 2 1 1 1 2 2 2 1 1 2 2 1 1 2 1 2 1 2 1 1 1 1
95 12 40 1 
2 1 1 1 1 2 1 2 2 2 2 2 1 1 2 2 1 1 2 2 1 1 1 1 2 2 2 1 1 1 1 1 1 2 2 1 1 1 2 2 2 2 2 2 1 2 2 2 2 1 2 1 2 2 1 1 1 2 1 1
183 14 82 1 
2 2 1 1 2 2 2 2 2 2 2 2 2 1 1 1 1 1 2 2 1 1 1 1 1 2 1 2 1 2 1 1 2 1 2 2 2 1 2 1 1 2 2 2 2 2 2 2 1 1 2 1 2 2 2 2 1 1 1 1
116 56 80 1 
2 2 1 1 2 2 2 2 2 2 2 1 1 2 1 2 2 1 1 2 1 1 1 2 2 2 2 1 1 1 1 1 2 1 2 2 2 1 1 2 2 2 2 2 2 2 2 2 1 2 1 2 2 1 1 2 1 1 2 2
7 3 2 1 
1 2 2 1 2 1 2 2 2 2 1 2 1 1 2 1 1 2 1 2 1 1 2 1 2 2 2 2 1 2 1 1 1 2 2 2 2 2 2 1 2 2 2 2 2 2 2 2 2 1 1 1 2 2 1 2 1 1 1 2
49 15 20 0 
2 2 1 1 2 1 2 2 2 2 2 2 2 1 2 1 1 1 2 2 1 1 1 1 1 1 1 2 1 1 1 1 2 2 1 2 2 2 2 2 1 1 1 2 2 2 2 2 1 1 2 2 1 2 1 2 1 1 1 2
32 19 6 0 
2 2 1 1 2 2 2 2 1 2 2 2 1 2 2 1 2 1 2 2 2 1 1 2 1 1 1 2 1 1 1 1 2 2 2 2 2 2 2 2 1 1 1 2 2 2 2 2 1 2 1 2 2 2 2 2 1 1 1 1
160 61 114 0 
2 2 1 1 1 2 2 2 2 2 2 2 1 1 1 1 1 1 2 2 1 1 1 1 1 1 2 1 1 1 1 1 1 2 2 2 1 2 2 2 2 1 2 2 1 1 2 2 1 2 2 2 2 2 2 2 1 1 2 1
171 155 71 1 
2 2 1 1 1 1 2 2 2 1 1 2 1 2 2 2 1 2 1 2 1 1 1 1 1 1 1 1 1 1 1 1 2 2 1 1 2 1 2 1 1 1 2 2 1 2 2 2 1 1 2 2 1 1 2 1 1 1 1 2
92 15 55 1 
2 2 1 1 2 1 2 2 1 1 2 2 1 1 2 1 1 1 2 2 1 2 1 1 1 1 1 1 1 1 1 1 2 2 2 2 2 1 2 2 1 1 1 2 2 1 2 2 1 2 1 2 2 2 1 1 1 1 1 1
72 59 51 0 
2 2 1 1 2 2 2 2 1 2 1 2 1 1 2 2 2 2 2 2 1 1 1 1 1 1 1 2 1 1 1 1 2 2 1 2 2 2 2 2 1 2 2 2 1 2 2 2 1 1 1 1 2 2 1 2 1 1 1 1
117 54 63 1 
1 2 2 1 2 1 2 2 2 1 1 2 2 2 2 1 1 1 1 2 1 1 2 2 2 2 2 2 1 2 1 1 2 1 2 1 2 2 2 1 2 1 2 2 1 2 2 2 1 1 1 2 2 1 2 2 1 1 2 2
146 89 105 0 
2 2 2 1 2 1 2 2 1 2 2 2 1 2 1 2 1 1 1 2 1 1 1 1 2 1 1 1 1 1 1 1 1 1 2 1 2 2 2 2 2 1 1 1 1 2 2 2 2 1 2 2 2 2 1 1 1 1 1 1
165 26 153 1 
2 2 1 2 1 2 2 2 1 2 2 1 2 1 2 2 2 2 2 2 1 1 1 2 1 2 2 2 1 1 1 1 2 2 2 2 1 2 1 2 1 2 2 2 2 2 1 2 2 2 2 2 2 2 1 1 1 1 1 2
9 1 2 1 
2 2 1 2 2 2 2 2 1 1 2 2 1 2 1 2 1 2 2 2 1 1 2 1 1 2 2 2 1 2 1 1 1 2 2 1 1 1 1 1 1 2 2 2 1 2 2 2 2 1 2 1 2 2 1 1 2 1 2 1
49 15 20 0 
2 2 1 1 2 1 2 2 2 2 2 2 2 1 2 1 1 1 2 2 1 1 1 1 1 1 1 2 1 1 1 1 2 2 1 2 2 2 2 2 1 1 1 2 2 2 2 2 1 1 2 2 1 2 1 2 1 1 1 2
96 42 67 0 
2 1 1 2 1 2 2 2 1 2 1 2 1 2 1 2 2 2 2 2 2 2 1 1 1 1 1 1 1 1 1 1 2 2 1 2 1 2 2 2 1 1 2 2 1 1 2 2 1 1 2 2 1 2 1 2 1 1 1 1
64 26 63 0 
2 2 1 1 1 1 2 2 2 1 2 2 2 2 1 2 1 2 2 2 1 1 1 2 2 1 1 2 1 2 1 1 2 1 1 2 2 1 2 2 1 1 2 1 2 2 1 2 2 1 1 2 2 1 1 2 1 2 1 2
172 74 132 0 
1 2 2 1 2 1 2 2 2 2 1 1 1 2 1 2 1 2 2 2 1 1 1 1 1 1 2 1 2 1 1 1 1 2 2 1 2 2 2 2 2 1 2 2 1 2 2 1 1 2 2 2 2 1 2 2 1 1 2 1
59 15 20 1 
2 2 2 1 2 2 2 2 2 1 1 2 1 1 2 1 2 1 2 2 1 1 2 1 1 1 2 1 1 1 1 1 2 2 1 2 2 2 2 1 1 1 2 2 1 2 2 2 1 2 1 2 2 1 1 1 1 2 1 2
176 88 68 0 
2 1 1 1 2 2 2 2 1 2 2 2 1 1 1 1 1 2 2 1 1 1 1 2 1 2 1 2 1 1 1 1 2 2 1 2 2 2 2 2 1 1 2 1 2 2 2 2 1 1 1 2 2 1 2 2 2 1 2 2
44 14 40 1 
2 2 1 1 2 1 2 2 1 2 2 2 2 1 1 1 1 2 2 2 1 1 1 1 1 2 1 1 2 1 1 1 1 2 2 1 2 1 2 1 1 1 2 2 2 1 1 2 2 2 2 2 2 2 2 1 1 2 1 1
150 78 62 1 
2 2 1 1 1 1 1 2 1 2 1 2 2 1 1 2 1 2 2 2 1 2 1 2 2 1 2 1 2 1 1 1 1 2 1 1 2 2 2 2 2 1 2 2 1 2 2 2 1 1 2 1 2 2 1 2 1 1 2 1
2 0 0 0 
2 2 2 1 2 1 2 2 1 2 2 2 2 1 2 1 2 1 2 2 1 1 1 1 2 1 2 1 2 1 1 1 2 2 1 2 1 2 1 2 2 1 2 2 2 1 2 2 1 1 1 2 2 1 2 1 1 1 2 1
170 13 100 0 
2 2 1 1 2 1 1 1 2 2 2 2 1 1 1 1 1 1 2 2 1 1 1 1 2 1 2 2 2 1 1 1 2 1 1 1 2 2 1 1 2 1 2 2 2 1 2 2 1 1 2 2 2 1 1 1 2 2 2 1
53 42 25 1 
2 2 1 1 2 1 2 2 2 2 1 2 1 1 1 1 2 1 2 2 2 1 2 2 1 1 1 2 1 1 1 1 2 2 1 2 1 1 2 2 1 2 2 2 1 2 2 1 1 2 2 2 1 1 1 1 1 1 1 2
60 1 37 0 
2 2 1 1 2 2 2 1 1 1 2 2 1 1 1 1 1 1 2 1 1 1 2 1 2 2 2 2 2 2 1 1 1 2 2 2 2 2 1 2 1 2 2 2 1 2 1 2 2 2 2 2 2 2 1 1 2 1 2 2
99 34 6 1 
2 2 1 1 2 1 2 2 1 2 2 2 1 2 2 1 1 1 2 2 1 1 2 2 1 1 2 2 1 1 1 1 2 2 2 2 2 2 1 2 1 2 2 2 1 2 2 2 2 2 2 2 1 2 1 2 1 1 1 1
196 175 104 0 
2 2 1 1 1 2 2 2 1 2 1 1 1 2 2 2 1 1 2 2 2 1 1 1 1 1 1 2 1 2 1 1 2 2 2 1 1 1 2 2 1 1 2 2 1 2 2 1 2 1 2 2 2 2 1 1 1 1 2 1
168 14 84 1 
2 2 1 1 1 2 2 2 2 1 2 2 2 1 1 1 1 1 2 2 1 1 1 2 1 2 2 1 2 1 1 1 2 1 1 1 2 2 1 1 1 1 2 2 1 2 2 1 1 2 2 2 2 1 2 1 1 2 2 2
79 7 32 1 
2 2 1 1 1 2 2 2 2 1 1 2 1 1 2 2 2 2 2 2 1 2 1 1 2 1 2 1 2 1 1 1 2 2 2 2 2 2 1 2 2 1 2 1 2 2 2 2 2 2 1 1 2 2 1 2 1 1 1 1
175 116 55 1 
2 2 1 1 2 1 2 2 2 1 1 2 1 1 2 1 2 1 1 2 1 2 1 1 2 1 2 1 1 1 1 1 1 2 2 2 1 1 2 2 2 1 2 2 2 1 2 2 2 2 2 2 2 2 1 2 1 1 2 1
111 13 67 1 
2 1 1 2 2 2 1 2 2 2 2 2 1 2 1 2 1 2 2 2 1 2 1 1 2 1 2 1 2 1 1 1 2 2 1 2 1 2 1 2 2 1 2 2 2 1 2 2 1 1 2 2 2 2 1 2 2 1 2 1
10 1 2 1 
2 2 1 2 2 2 2 2 1 1 2 2 1 2 1 1 1 1 2 2 1 1 2 1 1 1 2 1 2 2 1 1 1 2 1 1 2 1 1 1 1 2 2 2 1 1 2 2 2 1 1 2 1 1 1 1 2 1 2 1
147 111 23 0 
1 2 2 2 2 2 2 2 2 2 2 2 2 1 2 2 2 1 2 1 2 1 1 2 2 2 1 2 1 2 1 1 2 2 2 2 2 1 2 2 1 1 2 2 1 1 2 2 1 2 2 2 2 1 2 2 1 1 1 1
81 42 43 0 
2 2 1 2 1 2 2 2 2 2 1 2 1 2 1 2 2 2 2 1 1 1 2 1 1 2 2 2 1 2 1 1 2 2 2 2 2 2 2 1 1 1 2 2 1 2 2 2 1 2 2 1 1 2 1 1 1 1 1 1
47 22 29 1 
2 2 1 1 2 1 1 2 1 2 2 2 2 1 1 1 1 1 2 2 1 2 2 1 1 2 1 1 1 1 1 1 2 2 1 2 1 2 1 2 2 1 2 2 1 2 2 2 1 2 2 2 1 1 2 1 1 1 1 2
129 19 33 0 
2 2 2 1 2 1 2 1 1 1 2 1 1 1 2 2 2 1 2 1 1 1 1 1 1 2 1 2 1 1 1 1 2 1 2 1 2 2 2 1 1 1 2 2 2 2 2 2 1 2 1 2 2 2 2 1 1 1 1 1
202 183 104 1 
2 2 1 1 2 2 2 2 2 1 2 2 1 2 1 1 1 1 2 2 1 1 1 1 1 2 1 2 1 1 1 1 1 2 2 2 2 2 2 2 1 1 2 1 2 1 2 1 1 1 2 1 2 2 2 2 1 1 1 2
27 19 23 0 
2 1 1 2 2 2 2 2 2 2 2 1 2 1 2 2 2 2 2 2 2 1 2 2 1 2 2 2 1 1 1 1 2 1 2 2 2 2 2 2 1 1 1 1 2 2 2 2 1 2 1 2 2 1 2 2 1 1 1 2
37 7 8 0 
2 2 2 1 2 2 2 1 2 1 1 2 1 1 1 1 1 1 1 1 1 1 2 1 2 2 2 2 1 2 1 1 2 2 2 1 2 1 2 2 2 2 2 2 2 2 2 2 1 2 1 2 2 2 2 1 1 1 2 1
8 3 2 0 
2 2 1 1 2 1 1 2 1 1 2 2 1 1 2 1 1 1 1 2 1 1 2 1 2 2 2 2 1 2 1 1 1 2 2 1 1 1 2 1 2 2 2 2 2 2 2 2 2 1 2 1 2 2 1 2 1 1 1 1
57 22 33 0 
2 2 2 1 2 1 1 1 1 1 2 1 1 2 1 1 1 2 2 2 1 1 2 1 2 1 2 2 1 1 1 1 1 1 2 1 1 2 1 1 2 1 2 2 1 1 2 2 1 1 2 1 1 1 2 1 1 1 2 1
18 3 2 1 
2 2 1 2 2 1 1 2 1 2 2 2 2 1 2 1 2 1 2 2 2 1 2 1 2 1 2 1 1 1 1 1 2 2 2 2 2 2 2 2 2 1 2 2 2 1 2 2 1 1 1 2 2 2 2 2 1 1 1 2
52 36 29 1 
2 2 2 1 1 2 1 2 1 1 2 2 2 2 1 1 1 1 2 2 1 1 1 1 1 2 1 1 1 1 1 1 2 2 2 2 2 1 2 2 1 2 2 2 2 2 2 2 2 2 1 2 2 1 2 1 1 2 2 2
55 18 6 0 
2 2 2 1 1 1 2 2 2 1 2 2 1 1 1 1 1 1 2 2 2 2 1 2 1 1 1 2 1 1 1 1 2 2 2 2 2 1 2 2 1 1 2 2 2 1 2 2 1 2 1 2 2 2 2 1 1 1 1 1
177 14 87 0 
2 2 1 1 1 1 2 1 2 1 2 2 1 2 1 1 1 2 2 2 1 1 2 2 1 1 1 1 2 1 1 1 1 1 2 2 2 1 2 2 1 2 2 2 1 1 2 2 1 2 2 2 1 1 1 2 2 1 2 2
193 167 157 1 
2 2 1 1 2 2 2 1 2 2 2 1 1 2 1 1 1 1 2 2 1 1 2 1 2 1 2 2 1 2 1 1 2 2 2 1 2 2 2 1 2 1 2 2 2 2 1 2 1 2 1 1 2 2 2 1 1 1 1 1
44 14 40 1 
2 2 1 1 2 1 2 2 1 2 2 2 2 1 1 1 1 2 2 2 1 1 1 1 1 2 1 1 2 1 1 1 1 2 2 1 2 1 2 1 1 1 2 2 2 1 1 2 2 2 2 2 2 2 2 1 1 2 1 1
63 14 24 0 
2 2 1 1 1 2 2 2 1 1 2 2 2 2 1 2 1 2 2 2 1 1 2 2 1 2 2 2 2 2 1 1 1 1 1 2 2 1 1 2 1 1 2 1 2 2 2 2 1 1 2 2 2 1 1 2 2 1 2 2
111 13 67 1 
2 1 1 2 2 2 1 2 2 2 2 2 1 2 1 2 1 2 2 2 1 2 1 1 2 1 2 1 2 1 1 1 2 2 1 2 1 2 1 2 2 1 2 2 2 1 2 2 1 1 2 2 2 2 1 2 2 1 2 1
33 21 8 0 
2 2 1 1 1 1 1 1 1 1 1 2 2 1 1 2 2 1 2 1 1 1 1 1 1 2 2 2 1 1 1 1 1 2 1 1 2 1 1 1 1 2 2 2 1 2 2 2 1 2 1 2 1 2 1 1 2 1 1 1
22 3 2 1 
1 2 2 1 2 1 1 2 1 2 2 2 2 1 2 1 1 1 1 2 1 1 2 1 2 1 2 1 1 1 1 1 1 2 2 1 1 1 2 1 2 2 2 2 2 1 2 2 1 1 1 2 2 1 2 2 1 1 1 2
189 15 20 0 
2 2 1 1 2 2 2 2 1 1 2 2 1 1 2 1 2 1 2 2 1 1 1 1 1 1 2 2 1 1 1 1 2 2 2 2 2 2 2 2 1 1 1 2 2 2 2 1 1 2 1 2 1 1 1 1 1 2 1 1
147 111 23 0 
1 2 2 2 2 2 2 2 2 2 2 2 2 1 2 2 2 1 2 1 2 1 1 2 2 2 1 2 1 2 1 1 2 2 2 2 2 1 2 2 1 1 2 2 1 1 2 2 1 2 2 2 2 1 2 2 1 1 1 1
14 1 2 1 
2 2 1 1 2 1 2 2 1 2 2 2 1 2 1 1 1 1 2 2 1 1 2 1 1 1 2 1 2 1 1 1 1 2 1 2 2 2 1 2 1 1 2 2 1 2 1 2 2 1 2 2 1 2 1 2 2 1 2 1
11 1 2 1 
2 2 1 1 2 1 2 2 1 2 2 2 1 1 1 1 1 1 2 2 1 1 1 1 2 2 2 2 2 2 1 1 1 2 1 1 2 1 1 1 1 2 2 2 2 2 1 2 2 1 1 1 1 2 1 2 2 1 2 2
123 42 81 1 
2 2 1 2 1 2 2 2 2 2 1 1 1 1 2 2 2 2 2 2 2 1 1 1 1 2 1 2 1 1 1 1 2 2 2 2 1 2 2 1 1 1 2 2 1 2 2 2 2 2 2 2 2 1 1 1 1 1 1 1
93 7 30 0 
2 2 1 2 1 2 2 1 2 1 2 2 1 1 2 2 1 1 1 2 1 1 1 1 2 2 2 2 2 2 1 1 1 1 2 2 2 1 2 2 2 2 2 2 2 2 2 2 2 2 1 2 2 2 1 2 1 1 2 1
71 56 2 0 
2 2 2 1 2 1 2 2 2 1 2 2 1 2 1 2 1 2 1 2 1 1 2 1 2 1 2 1 1 1 1 1 2 2 2 1 2 1 1 1 2 1 2 2 2 2 2 2 1 1 2 2 1 1 1 2 1 1 2 1
186 128 161 0 
2 2 2 1 2 2 2 2 2 2 1 2 1 1 1 2 1 2 1 2 1 1 2 1 1 1 2 2 1 2 1 1 2 1 1 2 2 2 2 2 1 2 2 2 2 2 2 2 1 2 1 1 2 2 2 2 1 1 2 1
169 116 51 1 
2 1 1 2 2 2 2 1 2 1 2 2 2 2 2 2 2 1 1 2 1 1 2 1 2 1 1 2 1 1 1 1 2 2 2 2 2 2 1 2 2 2 2 2 2 2 2 2 2 1 1 1 2 2 2 2 1 1 2 1
88 59 76 1 
2 2 2 1 2 1 2 2 2 1 1 2 1 1 2 1 2 1 2 2 1 1 1 1 1 2 1 2 1 1 1 1 2 2 1 2 2 1 2 2 1 2 2 2 1 2 2 2 1 1 1 1 2 2 1 2 2 1 2 1
87 52 57 0 
2 2 1 2 1 2 1 1 1 1 2 2 2 2 1 1 1 2 2 2 1 1 1 2 1 2 1 2 1 1 1 1 2 1 2 2 1 1 2 1 2 1 2 2 2 1 2 2 2 1 2 2 1 1 1 2 1 1 2 1
123 42 81 1 
2 2 1 2 1 2 2 2 2 2 1 1 1 1 2 2 2 2 2 2 2 1 1 1 1 2 1 2 1 1 1 1 2 2 2 2 1 2 2 1 1 1 2 2 1 2 2 2 2 2 2 2 2 1 1 1 1 1 1 1
40 3 5 0 
1 2 1 1 2 1 2 2 2 2 1 2 1 1 2 1 1 2 1 2 1 1 2 1 2 2 2 1 1 1 1 1 1 2 2 1 1 1 2 1 2 1 2 2 2 1 2 2 1 2 1 2 2 2 2 1 1 2 1 1
124 110 29 1 
2 2 1 1 1 1 2 2 2 2 2 2 2 1 1 1 1 1 2 2 1 2 2 2 1 2 2 1 1 1 1 1 2 2 2 2 2 2 1 2 1 1 2 2 2 2 2 2 2 2 2 2 1 1 1 1 1 1 1 2
74 7 20 1 
1 2 2 1 2 1 2 2 2 2 1 2 1 1 1 1 2 1 1 2 1 1 2 1 2 1 2 1 2 1 1 1 1 2 2 2 2 2 2 2 2 1 2 2 2 1 2 2 2 1 1 2 2 2 1 2 1 1 1 2
54 3 24 1 
1 2 2 1 2 2 2 2 1 2 2 1 1 2 2 2 1 1 1 1 1 1 2 2 2 2 2 2 1 2 1 1 2 1 2 2 2 1 2 2 2 1 2 2 2 1 2 2 1 1 1 2 2 1 2 2 1 1 1 2
198 107 162 1 
2 2 1 2 2 2 2 2 2 2 2 2 2 2 2 1 1 1 1 2 1 1 2 2 2 2 2 2 1 2 1 1 2 1 1 2 1 2 2 2 2 1 2 2 2 1 2 2 1 1 1 2 1 1 2 1 1 1 1 1
140 54 67 1 
2 1 1 2 2 2 2 2 1 2 2 2 1 2 2 2 1 2 1 2 1 2 2 2 2 2 2 2 2 2 1 1 1 2 2 2 1 2 2 2 1 1 2 2 1 1 2 2 1 1 2 2 1 2 2 2 1 1 1 2
195 1 66 1 
2 2 1 1 2 2 2 1 1 1 2 2 1 1 1 2 1 1 2 1 1 1 1 2 1 1 2 2 1 1 1 1 1 1 2 2 1 1 1 1 1 2 2 2 1 2 2 2 2 1 1 2 2 2 1 1 2 1 2 1
153 128 29 0 
2 2 2 1 2 2 2 2 2 2 1 2 1 1 2 2 2 1 2 2 1 1 2 1 2 2 2 1 1 1 1 1 2 2 1 2 2 2 2 2 2 2 2 2 2 2 2 2 1 2 1 2 2 1 2 1 1 1 1 2
139 90 84 1 
2 2 1 1 2 2 2 2 2 1 2 2 1 1 1 1 2 1 2 2 1 1 2 1 2 2 2 1 1 1 1 1 2 1 2 1 2 2 2 1 2 1 2 2 1 2 2 1 1 2 1 2 2 1 1 1 1 2 1 2
118 54 6 1 
1 2 2 1 2 2 2 2 1 2 1 2 2 1 2 1 1 2 1 2 1 2 2 2 2 1 2 2 1 1 1 1 2 2 2 2 2 1 2 2 1 1 2 2 2 2 2 2 1 2 1 2 2 1 2 1 1 1 2 1
107 16 82 1 
2 2 2 1 2 2 1 2 2 2 2 2 2 1 2 1 1 1 1 2 1 1 2 1 2 2 2 2 1 2 1 1 2 2 1 1 1 1 2 2 2 2 2 2 1 2 2 2 1 1 1 1 1 2 2 2 1 1 1 1
142 95 27 1 
1 2 1 1 2 2 1 2 2 2 2 1 1 1 2 2 1 2 2 2 1 1 1 2 2 1 1 2 1 1 1 1 1 1 2 2 1 2 2 2 2 1 2 1 2 2 2 2 2 2 2 2 2 1 1 2 1 1 1 1
79 7 32 1 
2 2 1 1 1 2 2 2 2 1 1 2 1 1 2 2 2 2 2 2 1 2 1 1 2 1 2 1 2 1 1 1 2 2 2 2 2 2 1 2 2 1 2 1 2 2 2 2 2 2 1 1 2 2 1 2 1 1 1 1
129 19 33 0 
2 2 2 1 2 1 2 1 1 1 2 1 1 1 2 2 2 1 2 1 1 1 1 1 1 2 1 2 1 1 1 1 2 1 2 1 2 2 2 1 1 1 2 2 2 2 2 2 1 2 1 2 2 2 2 1 1 1 1 1
151 58 6 0 
2 2 1 1 2 1 2 2 1 2 2 2 1 1 1 1 1 1 1 2 1 2 1 2 2 1 2 2 1 2 1 1 2 2 1 2 2 1 2 2 1 2 2 2 2 1 2 2 2 1 2 2 1 1 1 2 1 1 1 1
107 16 82 1 
2 2 2 1 2 2 1 2 2 2 2 2 2 1 2 1 1 1 1 2 1 1 2 1 2 2 2 2 1 2 1 1 2 2 1 1 1 1 2 2 2 2 2 2 1 2 2 2 1 1 1 1 1 2 2 2 1 1 1 1
41 19 20 0 
2 2 1 1 2 1 2 2 2 2 2 2 1 1 2 1 2 1 2 2 1 1 1 2 1 1 2 2 1 1 1 1 2 1 2 2 2 2 2 2 1 1 1 2 2 1 2 2 1 1 1 2 2 2 2 2 1 1 1 1
136 14 102 1 
2 2 1 2 2 1 2 2 1 2 2 2 1 1 1 1 1 1 2 2 1 1 1 2 1 2 2 2 1 1 1 1 2 2 1 2 2 1 2 2 1 1 2 2 1 2 1 2 2 1 2 1 2 2 2 2 1 1 2 1
103 1 33 1 
2 2 1 1 2 1 2 1 1 1 2 2 1 1 1 2 1 1 2 1 1 1 2 1 1 2 2 2 1 1 1 1 1 1 2 1 1 2 1 1 1 1 2 2 2 1 1 2 2 1 2 1 2 1 1 1 2 2 2 1
112 59 84 1 
2 2 1 1 2 2 2 2 1 1 2 2 1 1 1 1 2 1 2 2 1 1 2 1 1 2 2 1 1 1 1 1 2 1 2 1 2 2 1 1 1 1 2 2 1 1 2 2 2 2 2 1 1 1 1 1 1 2 2 2
80 54 29 0 
2 2 1 1 2 1 2 2 2 2 1 2 2 1 2 1 1 1 1 2 1 1 2 2 2 2 2 1 1 1 1 1 1 2 2 2 1 1 2 2 1 2 2 2 1 2 2 2 1 2 2 2 1 1 2 1 1 1 1 2
7 3 2 1 
1 2 2 1 2 1 2 2 2 2 1 2 1 1 2 1 1 2 1 2 1 1 2 1 2 2 2 2 1 2 1 1 1 2 2 2 2 2 2 1 2 2 2 2 2 2 2 2 2 1 1 1 2 2 1 2 1 1 1 2
155 11 105 1 
2 2 1 1 2 1 2 2 1 2 2 1 1 1 1 2 1 1 2 1 1 1 1 1 2 1 2 1 2 1 1 1 1 2 1 1 1 2 1 2 2 1 2 2 2 1 1 2 2 1 1 2 1 2 2 1 1 1 2 1
35 15 5 0 
2 2 2 1 2 2 2 1 1 2 2 2 2 2 2 1 2 2 2 2 1 1 1 1 1 1 1 2 1 1 1 1 2 1 1 2 2 1 2 1 1 1 2 2 1 1 2 2 1 1 2 2 1 1 1 1 1 1 1 1
189 15 20 0 
2 2 1 1 2 2 2 2 1 1 2 2 1 1 2 1 2 1 2 2 1 1 1 1 1 1 2 2 1 1 1 1 2 2 2 2 2 2 2 2 1 1 1 2 2 2 2 1 1 2 1 2 1 1 1 1 1 2 1 1
125 39 27 1 
2 2 1 2 1 2 1 2 1 2 2 1 1 1 1 2 1 2 2 2 1 2 1 2 1 2 2 2 2 1 1 1 1 1 1 2 2 2 2 2 1 1 2 1 2 2 2 2 2 2 2 2 2 2 1 2 2 1 1 1
51 3 41 0 
1 2 2 1 2 2 1 2 1 2 2 2 2 1 2 1 2 1 2 2 1 1 2 1 2 1 2 2 1 1 1 1 2 2 2 2 2 2 2 2 2 1 2 1 2 2 2 2 1 1 1 1 2 2 2 2 1 1 1 1
56 7 25 1 
2 2 2 1 2 1 2 2 2 2 2 2 1 1 1 1 2 1 1 1 1 1 2 1 2 2 2 2 1 2 1 1 2 2 2 2 2 2 1 1 2 2 2 2 2 2 2 2 1 1 1 2 2 1 2 1 1 1 2 2
15 3 2 1 
2 2 1 2 2 2 2 2 2 1 1 2 1 2 2 2 1 2 2 2 2 1 2 1 1 1 2 1 1 1 1 1 2 2 2 1 2 2 2 2 1 1 1 2 2 1 2 2 1 1 1 2 2 1 1 1 1 1 1 1
114 44 20 0 
2 2 1 1 2 2 2 2 1 2 2 2 2 1 1 1 1 1 2 2 1 1 1 1 2 1 1 1 1 1 1 1 2 2 1 2 1 2 1 2 1 1 2 2 1 1 2 2 2 2 2 2 2 1 2 1 1 2 1 1
59 15 20 1 
2 2 2 1 2 2 2 2 2 1 1 2 1 1 2 1 2 1 2 2 1 1 2 1 1 1 2 1 1 1 1 1 2 2 1 2 2 2 2 1 1 1 2 2 1 2 2 2 1 2 1 2 2 1 1 1 1 2 1 2
23 3 2 0 
1 2 2 1 2 1 2 2 2 2 1 2 1 2 2 2 1 2 1 2 1 1 2 1 2 2 2 2 1 2 1 1 1 2 2 2 1 2 2 2 1 1 1 2 2 1 2 2 2 1 1 2 2 1 2 2 1 1 1 2
77 53 51 1 
2 1 1 2 2 2 2 2 2 1 1 2 1 2 1 1 1 1 2 2 1 1 2 1 1 1 2 2 1 1 1 1 2 2 1 2 1 2 2 2 1 1 2 2 2 2 1 2 1 1 2 1 1 2 1 2 1 1 1 1
4 3 2 1 
1 2 2 1 2 1 1 2 2 1 1 2 1 2 2 2 1 2 1 2 1 1 2 1 2 2 2 2 1 2 1 1 1 2 2 1 1 2 2 2 2 1 1 2 2 2 2 2 2 1 2 2 2 1 1 1 1 1 1 2
198 107 162 1 
2 2 1 2 2 2 2 2 2 2 2 2 2 2 2 1 1 1 1 2 1 1 2 2 2 2 2 2 1 2 1 1 2 1 1 2 1 2 2 2 2 1 2 2 2 1 2 2 1 1 1 2 1 1 2 1 1 1 1 1
25 12 17 0 
2 2 1 1 1 1 2 2 2 2 2 2 1 2 1 2 1 2 1 2 1 1 2 1 1 2 2 2 1 2 1 1 1 2 2 2 1 2 2 1 2 1 2 2 2 1 2 1 1 2 2 2 1 1 1 1 1 2 2 2
187 53 105 1 
2 2 1 1 2 1 2 2 2 2 1 1 1 1 1 2 2 1 2 1 2 1 2 1 1 1 1 2 1 1 1 1 2 1 2 1 1 2 2 2 1 1 2 2 1 1 1 2 2 1 2 2 1 1 1 2 1 1 1 1
78 4 57 1 
2 2 1 1 1 1 2 1 1 1 2 1 2 2 2 1 1 1 2 2 1 1 1 1 2 1 2 2 2 1 1 1 1 1 1 1 2 2 2 1 2 2 2 2 2 1 2 2 2 1 2 2 2 1 1 2 1 1 2 2
203 150 69 0 
2 2 1 2 1 2 1 1 1 1 1 2 2 1 1 2 1 1 2 1 1 1 1 2 2 1 2 2 2 1 1 1 2 1 1 2 2 1 2 2 1 1 2 1 2 2 2 2 1 1 2 1 2 2 2 1 1 1 1 1
20 1 2 0 
2 2 1 1 2 1 2 2 1 2 2 2 1 1 1 1 1 1 2 2 1 1 2 1 1 1 2 1 1 1 1 1 1 2 2 2 1 2 1 2 1 1 2 2 2 1 1 2 2 1 2 2 1 2 1 2 2 1 2 1
121 58 27 0 
2 2 2 1 2 2 2 2 1 2 2 2 1 2 1 2 2 2 2 2 2 1 1 2 2 2 2 2 1 1 1 1 2 1 2 2 2 2 2 2 1 1 2 1 1 2 2 2 2 2 2 2 1 1 1 2 1 1 1 2
171 155 71 1 
2 2 1 1 1 1 2 2 2 1 1 2 1 2 2 2 1 2 1 2 1 1 1 1 1 1 1 1 1 1 1 1 2 2 1 1 2 1 2 1 1 1 2 2 1 2 2 2 1 1 2 2 1 1 2 1 1 1 1 2
31 14 23 1 
2 1 1 1 1 1 2 2 2 2 2 1 2 1 1 2 1 1 2 1 1 1 1 1 1 2 1 2 1 2 1 1 1 2 1 2 2 1 1 2 1 1 2 1 2 2 2 2 1 2 2 1 2 1 2 2 1 1 1 1
159 4 84 1 
1 2 2 1 2 2 1 2 1 1 2 2 1 1 2 1 1 1 1 2 1 1 2 2 2 1 2 2 2 1 1 1 2 1 1 1 2 2 2 1 1 1 2 2 2 2 2 1 1 2 2 1 1 1 1 1 1 2 1 2
16 3 2 1 
1 2 2 2 2 2 1 2 2 1 2 2 2 1 2 2 1 2 1 2 1 1 2 1 2 1 2 1 1 1 1 1 1 2 2 1 2 1 2 1 1 2 1 2 2 1 2 2 2 1 1 1 2 1 2 1 1 1 1 1
30 3 8 0 
2 2 2 1 2 2 1 1 1 1 1 2 1 1 2 1 1 1 2 1 2 1 2 1 2 2 2 2 1 2 1 1 2 1 2 2 2 1 2 2 1 2 1 2 2 2 2 2 2 2 2 2 2 2 2 1 1 1 1 1
157 13 81 0 
2 2 1 1 2 1 1 2 2 2 1 1 2 1 1 1 1 2 2 2 1 1 1 2 2 1 2 2 2 1 1 1 2 2 1 2 1 2 1 1 1 1 2 2 2 2 2 2 1 2 2 1 1 2 1 1 1 1 2 1
34 3 17 1 
1 2 2 1 2 2 2 2 2 1 1 2 1 1 2 1 1 1 1 2 1 1 2 1 1 2 2 1 1 1 1 1 1 2 2 2 2 2 2 1 1 1 1 2 2 1 2 1 2 2 2 2 2 1 1 1 1 1 1 1
16 3 2 1 
1 2 2 2 2 2 1 2 2 1 2 2 2 1 2 2 1 2 1 2 1 1 2 1 2 1 2 1 1 1 1 1 1 2 2 1 2 1 2 1 1 2 1 2 2 1 2 2 2 1 1 1 2 1 2 1 1 1 1 1
116 56 80 1 
2 2 1 1 2 2 2 2 2 2 2 1 1 2 1 2 2 1 1 2 1 1 1 2 2 2 2 1 1 1 1 1 2 1 2 2 2 1 1 2 2 2 2 2 2 2 2 2 1 2 1 2 2 1 1 2 1 1 2 2
141 86 94 1 
2 2 1 1 1 2 2 2 1 1 1 2 1 1 2 1 1 2 1 2 1 1 2 1 1 1 2 1 1 1 1 1 2 2 2 2 1 1 2 1 1 1 2 2 2 2 2 1 1 1 1 2 2 1 2 1 1 1 1 2
160 61 114 0 
2 2 1 1 1 2 2 2 2 2 2 2 1 1 1 1 1 1 2 2 1 1 1 1 1 1 2 1 1 1 1 1 1 2 2 2 1 2 2 2 2 1 2 2 1 1 2 2 1 2 2 2 2 2 2 2 1 1 2 1
14 1 2 1 
2 2 1 1 2 1 2 2 1 2 2 2 1 2 1 1 1 1 2 2 1 1 2 1 1 1 2 1 2 1 1 1 1 2 1 2 2 2 1 2 1 1 2 2 1 2 1 2 2 1 2 2 1 2 1 2 2 1 2 1
110 59 29 1 
2 2 2 1 2 1 2 2 2 2 1 2 1 2 1 1 1 1 2 2 1 1 2 1 1 1 2 1 1 1 1 1 2 2 2 2 2 2 1 2 1 1 2 2 2 2 2 2 2 2 1 2 2 1 1 1 1 2 1 2
83 58 25 0 
2 2 2 1 2 1 2 2 2 2 2 2 1 1 1 1 2 1 2 1 2 1 2 2 2 2 2 2 1 2 1 1 2 2 1 2 2 2 2 1 2 1 2 2 1 1 2 1 2 2 2 2 2 1 1 1 1 1 1 2
184 117 49 1 
1 2 2 1 2 1 2 2 2 2 1 2 2 1 2 1 1 1 1 2 1 1 2 1 2 1 2 2 2 1 1 1 1 2 2 1 2 2 2 2 2 1 2 1 1 2 2 2 1 1 2 2 1 2 2 2 1 1 2 2
6 3 2 0 
2 2 1 1 2 1 2 2 2 1 2 2 2 1 2 1 2 1 2 2 2 1 2 1 1 2 2 1 1 2 1 1 2 2 2 2 1 2 2 2 2 1 2 2 2 1 2 2 2 1 2 2 2 1 2 1 1 1 1 2
203 150 69 0 
2 2 1 2 1 2 1 1 1 1 1 2 2 1 1 2 1 1 2 1 1 1 1 2 2 1 2 2 2 1 1 1 2 1 1 2 2 1 2 2 1 1 2 1 2 2 2 2 1 1 2 1 2 2 2 1 1 1 1 1
85 13 2 1 
2 2 2 1 2 2 2 2 1 1 2 2 2 1 1 1 1 1 2 2 1 1 1 1 2 2 2 1 2 1 1 1 2 2 1 2 1 2 1 2 2 1 2 2 2 1 2 2 1 1 2 2 1 1 1 1 1 1 1 2
94 26 24 0 
2 2 1 1 1 2 2 2 1 2 2 1 1 1 1 2 2 1 2 1 1 1 1 2 1 2 1 2 1 2 1 1 2 1 2 2 1 1 1 1 1 1 2 1 2 2 1 2 1 1 1 2 1 1 1 2 1 1 2 1
22 3 2 1 
1 2 2 1 2 1 1 2 1 2 2 2 2 1 2 1 1 1 1 2 1 1 2 1 2 1 2 1 1 1 1 1 1 2 2 1 1 1 2 1 2 2 2 2 2 1 2 2 1 1 1 2 2 1 2 2 1 1 1 2
164 46 93 0 
2 2 1 2 1 2 2 1 2 1 1 2 2 1 1 2 1 1 2 1 1 1 2 1 1 2 2 2 2 2 1 1 1 1 1 2 2 1 1 2 1 2 1 2 2 2 2 2 1 2 2 2 2 2 2 2 1 1 1 1
184 117 49 1 
1 2 2 1 2 1 2 2 2 2 1 2 2 1 2 1 1 1 1 2 1 1 2 1 2 1 2 2 2 1 1 1 1 2 2 1 2 2 2 2 2 1 2 1 1 2 2 2 1 1 2 2 1 2 2 2 1 1 2 2
69 3 51 0 
2 2 1 2 2 2 2 1 2 1 1 2 2 1 2 1 1 1 1 2 1 1 2 1 1 2 2 2 1 1 1 1 1 2 2 2 1 2 2 2 1 1 1 1 2 2 2 2 1 1 1 1 2 2 1 2 1 1 1 1
137 34 121 1 
2 2 1 2 2 2 2 2 2 1 1 2 1 1 2 2 1 2 1 2 1 1 2 2 1 2 2 2 1 1 1 1 1 2 2 2 2 2 2 2 1 1 2 2 1 1 1 2 2 2 2 2 2 1 1 2 1 1 1 2
99 34 6 1 
2 2 1 1 2 1 2 2 1 2 2 2 1 2 2 1 1 1 2 2 1 1 2 2 1 1 2 2 1 1 1 1 2 2 2 2 2 2 1 2 1 2 2 2 1 2 2 2 2 2 2 2 1 2 1 2 1 1 1 1
179 91 35 0 
1 2 1 2 2 2 2 1 2 2 1 2 2 2 2 2 1 2 1 2 1 1 2 1 1 1 2 1 1 1 1 1 2 1 2 2 2 1 2 1 1 1 2 2 2 1 2 2 2 1 2 2 2 1 2 1 1 1 1 1
46 1 41 1 
2 2 1 1 2 1 1 2 2 2 1 2 2 1 1 1 1 1 2 2 1 1 2 2 1 1 2 2 2 1 1 1 1 1 1 2 2 2 1 2 1 1 2 1 1 2 1 2 2 1 2 2 2 2 1 2 2 1 2 1
6 3 2 0 
2 2 1 1 2 1 2 2 2 1 2 2 2 1 2 1 2 1 2 2 2 1 2 1 1 2 2 1 1 2 1 1 2 2 2 2 1 2 2 2 2 1 2 2 2 1 2 2 2 1 2 2 2 1 2 1 1 1 1 2
104 77 23 0 
2 1 1 2 2 2 2 2 1 2 2 1 2 2 1 2 1 2 2 2 1 1 1 1 1 2 2 2 1 2 1 1 2 2 1 2 1 2 2 2 1 1 2 1 2 1 1 2 1 2 2 1 2 2 1 2 1 1 1 2
185 158 121 0 
1 2 2 1 2 2 2 2 1 1 2 2 1 1 1 1 1 2 1 2 1 2 2 1 2 2 2 2 1 1 1 1 2 2 2 2 1 2 2 2 1 1 2 2 1 1 2 2 1 2 1 2 2 1 2 1 1 1 1 1
114 44 20 0 
2 2 1 1 2 2 2 2 1 2 2 2 2 1 1 1 1 1 2 2 1 1 1 1 2 1 1 1 1 1 1 1 2 2 1 2 1 2 1 2 1 1 2 2 1 1 2 2 2 2 2 2 2 1 2 1 1 2 1 1
136 14 102 1 
2 2 1 2 2 1 2 2 1 2 2 2 1 1 1 1 1 1 2 2 1 1 1 2 1 2 2 2 1 1 1 1 2 2 1 2 2 1 2 2 1 1 2 2 1 2 1 2 2 1 2 1 2 2 2 2 1 1 2 1
144 34 33 1 
1 2 2 1 2 1 2 1 2 1 1 1 1 2 1 2 1 1 2 2 1 1 1 1 2 1 1 2 1 1 1 1 2 2 2 1 2 1 1 1 1 2 2 2 1 2 1 2 2 1 2 1 2 1 1 1 1 1 1 1
48 9 23 0 
2 2 2 1 2 1 2 2 1 2 2 2 2 2 2 2 2 2 2 2 1 1 2 1 1 2 2 2 2 1 1 1 2 2 1 2 1 1 1 2 2 1 2 1 2 2 2 2 1 2 1 1 2 1 1 2 1 1 1 2
41 19 20 0 
2 2 1 1 2 1 2 2 2 2 2 2 1 1 2 1 2 1 2 2 1 1 1 2 1 1 2 2 1 1 1 1 2 1 2 2 2 2 2 2 1 1 1 2 2 1 2 2 1 1 1 2 2 2 2 2 1 1 1 1
90 59 82 1 
2 2 1 1 2 2 2 2 2 2 1 2 1 1 2 1 2 2 2 2 1 1 2 1 1 2 1 2 1 1 1 1 2 1 2 2 2 1 2 2 1 2 2 2 1 2 2 2 1 1 1 1 2 2 1 2 1 1 1 1
132 15 64 0 
2 2 1 1 2 1 2 2 2 1 1 2 1 2 2 2 2 2 2 2 1 1 1 1 1 2 1 1 1 1 1 1 2 2 1 2 2 1 2 2 1 1 1 2 2 2 2 1 1 2 1 2 2 1 1 2 1 1 1 1
94 26 24 0 
2 2 1 1 1 2 2 2 1 2 2 1 1 1 1 2 2 1 2 1 1 1 1 2 1 2 1 2 1 2 1 1 2 1 2 2 1 1 1 1 1 1 2 1 2 2 1 2 1 1 1 2 1 1 1 2 1 1 2 1
9 1 2 1 
2 2 1 2 2 2 2 2 1 1 2 2 1 2 1 2 1 2 2 2 1 1 2 1 1 2 2 2 1 2 1 1 1 2 2 1 1 1 1 1 1 2 2 2 1 2 2 2 2 1 2 1 2 2 1 1 2 1 2 1
27 19 23 0 
2 1 1 2 2 2 2 2 2 2 2 1 2 1 2 2 2 2 2 2 2 1 2 2 1 2 2 2 1 1 1 1 2 1 2 2 2 2 2 2 1 1 1 1 2 2 2 2 1 2 1 2 2 1 2 2 1 1 1 2
148 31 51 1 
1 1 1 2 1 2 2 1 2 1 2 2 2 2 1 2 1 2 2 2 1 1 1 2 1 2 1 2 1 1 1 1 1 2 1 2 2 2 1 2 1 1 2 1 2 2 2 2 1 1 2 1 2 2 2 2 1 1 1 1
98 73 81 1 
1 2 2 1 2 1 1 2 1 2 2 1 1 2 2 2 1 2 1 1 1 1 2 2 1 2 2 2 2 2 1 1 1 2 1 2 2 2 1 1 1 1 2 2 1 2 2 2 2 2 2 1 1 2 1 1 2 1 1 1
