1
30
L0 L1 L2 L3 L4 L5 L6 L7 L8 L9 L10 L11 L12 L13 L14 L15 L16 L17 L18 L19 L20 L21 L22 L23 L24 L25 L26 L27 L28 L29

1
406
137 24 57 1 
1 1 2 1 1 2 2 1 2 1 2 2 2 2 1 1 2 2 2 1 1 1 1 2 1 1 1 2 2 1 1 2 1 2 1 2 2 1 1 1 1 1 2 2 2 1 2 2 1 1 2 2 2 1 1 2 1 1 2 1
79 46 27 0 
1 1 1 2 1 2 2 2 1 1 1 1 2 2 2 2 2 2 2 2 1 1 2 1 1 2 1 1 1 1 1 2 2 2 2 2 2 2 1 1 1 1 2 1 2 1 2 2 1 1 2 2 1 2 1 1 1 1 1 1
122 66 56 1 
1 1 1 1 1 1 2 2 1 2 2 2 2 1 2 2 2 2 2 2 1 2 2 2 2 1 2 1 1 2 2 1 2 1 2 1 2 2 1 1 2 1 2 2 2 2 2 1 1 2 2 2 1 2 2 2 1 1 1 2
25 6 17 1 
1 1 1 2 1 2 2 2 2 1 2 2 1 1 1 2 2 1 2 1 1 2 1 1 2 1 1 2 1 1 2 2 2 1 2 1 2 2 1 1 2 1 2 1 2 1 2 2 1 1 2 2 1 2 2 1 1 2 1 2
109 71 47 0 
1 1 1 1 1 1 2 2 1 1 2 2 1 2 2 2 2 2 2 2 1 1 1 2 1 1 2 1 1 2 2 1 1 1 1 1 1 1 1 1 1 1 2 2 2 2 2 1 1 1 2 2 1 1 1 1 2 1 2 1
149 15 33 0 
1 1 2 1 2 2 2 1 1 1 2 2 2 2 2 1 2 2 2 1 1 2 1 1 1 2 1 1 2 1 1 2 1 2 1 2 2 1 1 1 1 1 1 2 1 2 2 1 1 1 2 2 2 1 1 1 1 1 2 2
161 113 47 0 
1 1 2 1 1 1 2 2 1 1 2 2 2 2 1 2 1 1 1 1 1 2 1 2 2 1 1 1 1 2 1 1 2 2 2 2 1 2 1 1 1 1 2 2 1 2 2 1 1 1 1 2 1 1 1 1 1 1 2 1
115 82 27 1 
1 1 2 1 2 2 1 1 1 1 1 2 1 2 1 2 2 2 2 2 2 1 1 1 1 1 1 2 2 1 1 2 1 2 1 2 2 2 1 1 2 1 2 1 2 1 1 2 1 1 2 2 1 1 1 1 1 1 1 2
29 16 9 0 
1 1 2 1 1 1 1 2 2 1 2 2 2 2 1 2 1 2 1 2 1 1 1 1 2 2 1 2 1 1 2 2 2 2 2 2 1 2 1 1 1 1 2 2 1 2 1 2 1 1 2 2 2 1 1 1 1 1 2 2
22 1 3 1 
1 1 1 2 1 2 1 1 2 1 2 1 2 2 2 1 2 1 2 1 1 1 1 1 2 1 1 2 2 1 1 2 1 1 1 1 2 2 1 1 1 1 2 1 2 1 1 2 2 1 2 1 1 1 1 1 1 1 2 2
109 71 47 0 
1 1 1 1 1 1 2 2 1 1 2 2 1 2 2 2 2 2 2 2 1 1 1 2 1 1 2 1 1 2 2 1 1 1 1 1 1 1 1 1 1 1 2 2 2 2 2 1 1 1 2 2 1 1 1 1 2 1 2 1
13 1 3 1 
1 1 1 1 1 2 1 1 1 1 2 2 1 2 1 1 2 1 2 1 1 2 1 2 2 2 1 2 2 1 1 2 2 1 2 1 2 2 1 1 1 1 2 2 2 1 1 2 1 1 2 2 1 2 1 1 1 2 1 2
159 48 138 0 
1 1 1 1 1 1 1 1 1 1 2 2 1 1 1 1 2 1 2 1 1 1 2 1 1 2 1 1 2 2 2 2 1 2 1 2 1 1 1 1 2 1 1 1 2 1 2 1 1 1 2 2 1 1 1 1 1 2 1 2
15 1 3 1 
1 1 2 2 1 2 2 2 2 1 2 2 2 2 2 1 2 1 2 1 2 1 2 1 1 1 1 1 2 1 1 1 1 1 1 1 2 2 1 1 1 1 2 1 2 1 1 2 1 1 2 2 1 2 1 1 1 1 1 2
176 28 127 1 
1 1 2 1 2 1 1 2 1 1 2 2 1 2 2 2 2 2 2 2 1 1 1 2 1 1 1 2 1 2 1 1 1 2 1 1 2 1 1 1 1 1 2 2 2 2 2 2 1 1 2 2 1 1 1 1 1 2 2 2
5 1 3 1 
1 1 2 2 1 2 2 2 2 1 2 2 2 2 2 1 2 1 2 1 1 1 1 1 2 1 1 2 2 1 1 2 2 1 2 1 2 2 1 1 1 1 2 1 2 1 1 2 1 1 2 1 1 1 1 1 1 1 2 2
69 40 43 1 
1 1 2 1 1 1 2 1 2 1 2 1 1 1 1 2 2 2 2 2 1 1 1 2 2 2 2 2 1 2 1 1 1 2 2 2 2 2 1 1 1 1 2 2 2 2 1 1 2 1 2 2 2 1 1 1 1 1 2 2
52 6 9 1 
1 1 2 1 1 1 2 1 2 1 2 2 1 1 1 2 2 2 2 2 1 1 1 1 1 1 2 1 2 2 1 1 1 2 1 2 2 1 1 2 1 1 2 2 2 2 1 2 1 2 2 2 1 1 2 1 1 1 1 2
169 135 84 1 
1 1 1 2 1 2 2 2 1 1 2 2 2 2 1 2 1 2 2 2 2 1 1 1 1 1 1 1 1 2 2 1 1 1 2 1 2 2 1 2 1 1 2 2 2 2 1 1 1 1 2 2 1 1 2 1 1 1 1 2
166 35 127 1 
1 1 2 1 1 1 2 1 2 1 2 2 1 2 2 2 2 1 2 2 2 1 2 2 1 1 1 1 1 1 1 2 1 1 1 1 2 2 1 1 2 1 1 2 2 2 2 2 1 1 2 1 2 1 1 1 1 1 2 2
78 5 11 1 
1 1 2 1 2 2 2 1 2 1 2 2 2 1 2 1 2 2 1 2 1 2 1 2 1 1 2 1 1 2 1 1 2 1 2 1 2 2 1 1 1 1 1 2 1 2 2 2 1 1 1 2 1 1 1 1 1 1 2 2
192 163 18 1 
1 1 2 2 2 2 2 2 1 1 1 2 1 2 2 1 2 1 1 1 1 1 1 1 1 1 2 2 2 1 1 2 1 1 1 1 2 1 1 1 2 1 1 2 2 2 2 1 1 1 2 2 1 2 1 1 1 1 2 2
100 41 79 1 
1 1 1 1 2 1 2 2 1 1 1 1 1 2 2 2 2 2 2 2 1 1 1 1 2 2 1 1 2 1 1 2 1 2 1 2 2 2 1 1 1 1 2 1 2 1 2 2 1 1 2 2 2 2 2 1 1 1 1 1
166 35 127 1 
1 1 2 1 1 1 2 1 2 1 2 2 1 2 2 2 2 1 2 2 2 1 2 2 1 1 1 1 1 1 1 2 1 1 1 1 2 2 1 1 2 1 1 2 2 2 2 2 1 1 2 1 2 1 1 1 1 1 2 2
111 37 76 0 
1 1 1 2 1 1 2 1 1 1 2 2 1 1 1 2 1 2 1 2 1 1 1 1 1 1 1 1 2 2 1 2 1 1 2 2 2 2 1 1 1 1 2 2 1 2 2 1 1 1 2 2 1 1 1 2 1 1 1 1
43 16 4 0 
1 1 2 1 1 1 1 2 1 1 2 1 2 1 1 2 2 2 2 2 1 1 1 2 2 2 1 2 2 2 1 1 2 2 2 2 2 2 1 1 1 1 2 2 2 2 1 1 1 1 2 2 1 1 1 1 1 1 2 2
32 22 9 1 
1 1 2 1 2 1 1 2 1 1 1 2 2 1 1 1 1 2 2 2 1 1 1 1 2 2 1 2 2 1 1 2 1 1 1 2 2 1 1 2 1 1 1 2 2 2 1 2 2 1 2 2 1 1 1 1 1 1 2 2
8 1 3 0 
1 1 1 2 1 2 2 2 2 1 2 1 2 2 2 1 2 1 2 1 2 2 2 2 1 2 1 1 2 1 1 1 1 2 1 2 2 1 1 1 1 1 2 2 2 1 1 2 1 1 2 1 2 2 2 1 1 2 2 2
178 16 57 0 
1 1 2 2 1 1 2 1 2 1 2 2 2 2 1 1 1 2 1 1 1 1 1 2 1 1 1 2 2 1 2 2 2 2 2 2 1 1 1 1 1 1 2 2 2 1 1 2 1 1 2 2 1 1 1 1 1 1 2 2
45 37 12 1 
1 1 1 1 1 1 1 2 1 1 2 1 1 1 1 2 2 2 2 2 1 1 1 1 1 2 1 1 2 2 2 1 2 2 2 2 2 2 1 2 2 1 2 2 2 2 2 1 1 1 2 2 1 1 1 1 1 1 1 2
57 23 33 0 
1 1 2 1 1 2 2 1 2 1 2 2 2 2 2 1 2 2 2 1 1 1 2 1 1 1 1 2 2 1 2 2 1 2 2 2 1 1 1 1 1 1 2 2 1 1 2 2 1 1 2 2 1 1 2 1 1 1 1 2
185 155 84 1 
1 1 2 1 1 1 2 1 1 1 2 2 2 2 2 2 1 2 1 2 1 2 1 2 1 1 1 1 2 2 1 1 1 1 2 1 2 2 1 2 1 1 2 2 1 2 2 1 1 1 2 2 2 1 1 1 1 1 2 2
142 88 54 1 
1 1 2 1 1 2 1 2 2 1 1 2 1 2 2 1 2 1 2 1 1 1 1 1 2 1 1 1 2 2 2 1 2 1 2 1 2 2 1 1 2 2 1 1 2 2 1 1 2 1 2 2 1 1 1 1 1 1 1 2
141 66 85 0 
1 1 1 1 1 1 2 1 1 1 1 1 1 1 2 2 2 1 2 2 1 2 2 2 1 1 1 2 1 1 2 1 2 1 2 1 1 2 1 1 1 1 2 2 1 1 2 2 1 1 2 1 1 1 2 1 1 1 1 2
132 34 76 0 
1 1 1 1 1 1 2 2 1 1 1 2 1 2 2 2 2 2 2 2 1 1 2 1 1 1 2 1 1 2 2 1 1 1 1 1 1 2 1 2 1 1 2 2 2 2 2 1 1 1 2 2 1 1 2 1 1 1 1 2
119 30 59 0 
1 1 1 2 1 2 2 1 2 1 2 1 1 2 2 2 2 2 2 2 1 2 1 2 2 2 2 1 1 2 2 2 1 2 2 1 2 2 2 1 1 1 2 1 2 1 1 1 2 1 2 1 2 1 1 1 1 1 1 2
203 165 125 1 
1 1 1 1 1 1 2 2 1 1 2 2 1 1 2 2 2 2 2 2 1 1 1 2 1 2 2 2 1 1 2 1 2 2 2 2 2 2 1 1 2 1 2 2 2 2 1 2 1 2 2 2 1 1 1 1 1 1 1 1
89 41 17 0 
1 1 1 2 2 2 2 2 1 1 1 2 1 2 2 1 2 1 2 1 1 1 1 1 2 1 1 1 2 2 1 1 1 1 2 1 2 2 1 1 1 1 2 2 2 1 2 2 1 2 2 2 1 1 1 1 1 2 1 2
92 14 20 1 
1 1 1 2 1 1 2 1 1 1 2 1 1 1 2 1 2 2 2 2 1 1 1 1 1 1 1 1 2 2 2 1 2 1 2 1 2 2 1 1 2 1 2 2 2 2 1 2 1 1 2 2 2 1 1 1 1 1 1 1
27 22 2 0 
1 1 2 1 2 2 1 2 1 1 2 1 2 2 2 2 2 2 1 2 1 1 1 1 2 1 1 2 2 1 1 2 1 2 1 2 2 2 1 2 1 1 1 2 1 2 2 2 1 1 1 2 1 2 1 1 1 1 2 1
40 14 7 1 
1 1 1 2 1 1 2 2 2 2 2 2 2 1 2 1 2 2 2 2 1 1 1 1 1 2 1 2 2 1 1 1 1 2 1 2 2 2 1 1 1 1 2 2 2 2 1 2 2 1 2 2 2 2 1 1 1 1 2 1
61 37 4 1 
1 1 1 1 1 1 2 2 1 1 2 1 1 1 2 2 2 2 2 2 1 1 1 1 1 2 1 1 2 2 2 1 2 2 2 2 2 2 1 1 2 1 2 2 2 2 1 1 1 1 2 2 1 1 1 1 1 1 1 1
201 61 54 1 
1 1 1 2 1 2 2 2 1 1 2 2 1 2 2 1 2 2 2 2 1 2 1 2 2 1 1 1 2 2 1 1 2 1 2 1 2 2 1 1 1 2 2 1 2 2 1 1 1 1 2 2 1 1 1 1 1 1 1 2
203 165 125 1 
1 1 1 1 1 1 2 2 1 1 2 2 1 1 2 2 2 2 2 2 1 1 1 2 1 2 2 2 1 1 2 1 2 2 2 2 2 2 1 1 2 1 2 2 2 2 1 2 1 2 2 2 1 1 1 1 1 1 1 1
39 1 11 1 
1 1 1 1 1 1 1 1 1 1 2 1 1 2 1 1 2 1 2 1 1 2 1 2 2 1 1 1 2 2 1 1 1 1 2 2 2 1 1 1 1 1 2 2 2 1 1 2 2 1 2 1 2 1 2 1 1 1 2 2
164 49 10 1 
1 1 1 1 2 1 2 2 1 1 1 1 1 1 1 2 1 2 1 2 1 1 1 1 2 2 1 2 1 2 1 1 2 2 2 1 1 2 1 1 1 2 1 2 1 2 1 2 1 1 2 2 1 1 1 1 1 1 2 2
199 38 9 0 
1 1 1 1 2 1 2 2 1 1 1 2 2 1 2 1 2 2 2 2 1 1 1 1 2 2 1 2 2 1 1 2 1 1 1 1 2 1 1 2 1 1 2 2 2 2 1 2 2 1 2 2 1 1 1 1 2 1 2 1
81 1 27 1 
1 1 2 1 1 2 2 1 2 1 2 2 2 2 2 2 2 2 2 1 1 1 1 1 2 2 1 2 2 2 1 1 2 1 2 1 2 2 1 1 1 1 2 1 2 1 1 2 2 1 2 1 2 1 2 1 1 1 1 2
47 35 4 0 
1 1 2 1 2 1 2 2 1 1 2 2 2 2 2 2 1 2 1 2 2 1 2 1 1 2 1 1 2 2 1 1 1 2 1 2 1 2 1 1 2 1 1 2 2 2 2 1 1 1 2 2 1 1 1 1 1 1 1 1
19 1 3 1 
1 1 2 2 1 2 2 1 1 1 2 1 1 2 1 1 2 1 2 1 1 2 1 2 2 2 1 2 2 1 1 2 2 2 2 2 2 1 1 1 1 1 2 1 2 1 1 2 1 1 2 1 1 1 2 1 1 1 1 2
177 82 86 0 
1 1 2 2 2 1 2 2 1 1 1 1 1 1 1 1 2 1 2 2 2 1 1 1 1 2 1 1 2 2 1 1 1 1 1 1 2 2 1 1 1 1 2 2 2 2 2 2 1 1 2 2 1 2 1 2 1 1 1 2
107 102 20 0 
1 1 1 2 1 1 2 1 1 1 2 2 2 1 2 2 2 2 2 2 2 2 2 2 2 1 1 2 1 2 1 1 2 1 1 1 2 2 1 1 1 1 2 2 2 2 1 2 1 1 2 2 2 1 1 1 2 1 2 1
74 63 21 1 
1 1 2 2 2 1 2 1 1 1 2 1 2 1 1 2 2 2 2 2 1 2 2 2 1 1 1 1 2 1 1 2 1 1 1 1 2 2 1 1 1 1 2 2 2 2 1 2 1 1 2 2 1 2 2 2 1 1 2 2
75 37 20 1 
1 1 1 2 1 1 2 1 1 1 1 2 1 1 2 1 2 2 2 2 1 1 1 1 1 1 1 2 2 1 2 2 2 2 2 2 2 1 1 1 1 1 2 1 1 2 2 1 1 1 2 2 1 1 1 1 1 1 1 1
191 14 141 1 
1 1 1 1 1 1 2 1 1 1 2 1 1 1 2 2 2 1 2 2 1 2 1 2 1 1 2 2 1 1 2 1 2 1 2 1 2 2 1 1 2 1 2 2 2 1 1 2 1 1 2 1 2 1 1 1 1 1 1 2
30 14 7 1 
1 1 1 1 1 1 2 2 1 2 1 2 1 1 1 2 2 2 2 2 1 1 1 1 1 2 2 2 1 1 2 2 2 1 2 2 2 2 1 2 1 1 2 2 2 2 1 2 2 1 2 2 2 2 1 1 1 1 1 2
72 24 58 1 
1 1 2 1 1 2 2 2 2 2 2 2 2 2 1 2 1 1 1 1 1 1 1 1 2 1 1 2 2 1 1 1 2 1 2 1 2 1 1 1 1 2 2 1 2 2 2 2 1 1 2 2 2 1 1 1 1 1 2 2
58 35 10 0 
1 1 1 1 2 1 2 1 2 1 2 1 2 1 2 2 1 2 1 2 1 1 1 1 1 2 1 2 1 1 1 2 1 1 1 1 1 1 1 1 2 2 1 2 2 2 1 2 1 1 2 2 1 1 1 2 1 1 1 2
190 113 86 1 
1 1 2 1 1 1 2 1 1 1 1 1 2 2 1 1 1 1 1 2 2 1 2 1 2 2 1 1 1 1 1 2 2 1 2 2 1 1 1 1 2 1 1 2 2 2 1 2 1 1 1 2 2 2 1 2 2 1 2 2
150 100 101 0 
1 1 1 1 1 1 2 2 1 1 1 1 2 2 2 1 2 2 2 2 1 2 1 2 2 2 1 1 2 2 1 1 1 1 1 2 2 2 1 1 1 1 2 2 2 2 2 1 1 2 2 2 2 2 2 1 1 1 1 1
161 113 47 0 
1 1 2 1 1 1 2 2 1 1 2 2 2 2 1 2 1 1 1 1 1 2 1 2 2 1 1 1 1 2 1 1 2 2 2 2 1 2 1 1 1 1 2 2 1 2 2 1 1 1 1 2 1 1 1 1 1 1 2 1
115 82 27 1 
1 1 2 1 2 2 1 1 1 1 1 2 1 2 1 2 2 2 2 2 2 1 1 1 1 1 1 2 2 1 1 2 1 2 1 2 2 2 1 1 2 1 2 1 2 1 1 2 1 1 2 2 1 1 1 1 1 1 1 2
60 38 17 1 
1 1 2 2 2 2 2 2 1 1 1 2 2 2 2 1 2 2 2 2 1 2 2 2 2 1 1 1 2 2 1 1 1 1 1 1 2 2 1 1 1 1 2 1 2 1 1 2 1 1 1 2 2 1 2 1 2 1 2 2
75 37 20 1 
1 1 1 2 1 1 2 1 1 1 1 2 1 1 2 1 2 2 2 2 1 1 1 1 1 1 1 2 2 1 2 2 2 2 2 2 2 1 1 1 1 1 2 1 1 2 2 1 1 1 2 2 1 1 1 1 1 1 1 1
94 13 76 0 
1 1 1 2 2 2 1 2 1 1 2 2 2 2 1 2 2 2 2 2 1 1 1 1 2 1 1 1 1 2 1 2 2 1 2 2 2 2 1 2 1 1 2 2 1 2 2 1 1 1 2 2 2 1 1 2 2 1 2 1
28 15 20 1 
1 1 2 1 2 2 2 1 1 1 2 2 2 1 2 2 2 2 1 2 1 2 1 2 1 1 1 1 1 2 1 1 1 1 1 1 2 2 1 1 1 1 2 2 1 2 2 2 1 1 2 2 2 1 1 1 1 1 2 1
3 0 0 0 
1 1 2 1 2 2 2 1 1 1 2 1 2 2 1 1 1 1 1 1 1 2 1 2 1 2 2 1 1 1 2 1 1 2 1 2 2 1 1 1 1 1 1 2 1 1 2 2 1 1 1 2 1 2 1 1 1 2 2 2
7 1 2 0 
1 1 2 1 1 1 2 2 2 1 2 1 1 2 1 2 2 2 2 2 1 1 1 2 2 2 1 2 2 1 1 2 2 1 2 2 2 2 1 2 1 1 2 2 2 2 1 2 2 1 2 2 2 2 1 1 1 1 1 2
174 60 51 0 
1 1 2 1 2 1 2 2 1 1 2 1 2 1 1 1 2 2 2 2 1 1 2 2 2 2 1 2 2 1 1 2 1 1 1 2 2 2 1 1 1 2 2 2 2 2 1 2 1 1 1 2 2 1 2 1 1 1 2 1
155 35 97 1 
1 1 2 1 1 2 2 1 1 1 2 2 2 1 2 1 1 1 1 1 1 1 1 1 1 1 1 1 2 2 1 1 1 1 1 2 2 2 1 1 1 1 2 2 2 1 1 2 1 1 2 2 2 1 1 1 1 1 2 2
18 1 3 0 
1 1 1 2 1 2 1 2 1 1 2 2 1 2 1 1 2 1 2 1 1 1 1 1 2 1 1 2 2 1 1 2 1 1 2 1 2 1 1 1 1 1 2 2 2 1 1 2 1 1 2 2 1 2 1 1 1 2 2 2
57 23 33 0 
1 1 2 1 1 2 2 1 2 1 2 2 2 2 2 1 2 2 2 1 1 1 2 1 1 1 1 2 2 1 2 2 1 2 2 2 1 1 1 1 1 1 2 2 1 1 2 2 1 1 2 2 1 1 2 1 1 1 1 2
108 82 73 0 
1 1 2 1 2 1 1 2 1 1 1 1 1 2 1 2 2 1 2 2 2 1 1 1 1 2 1 1 2 1 1 1 1 1 1 1 2 2 1 1 1 1 2 2 2 2 2 2 1 2 2 2 1 1 1 1 1 1 1 2
93 37 51 1 
1 1 1 1 1 1 2 2 1 1 1 1 1 1 2 2 2 2 2 2 1 1 1 1 1 2 1 2 2 1 2 2 2 2 2 2 2 2 1 1 2 2 2 2 2 2 1 2 1 1 2 2 1 1 1 1 1 1 1 1
23 1 3 1 
1 1 2 2 1 2 2 2 2 1 2 2 2 2 2 1 2 1 2 1 1 1 2 1 1 1 1 2 2 1 1 2 1 1 1 2 2 1 1 1 1 1 2 2 2 1 1 2 1 1 2 2 1 2 2 1 1 2 1 2
20 1 2 0 
1 1 2 1 1 2 1 2 1 1 2 1 1 1 1 2 2 2 2 2 2 1 2 1 1 1 1 2 2 1 1 2 1 2 1 2 2 1 1 1 1 2 2 1 2 2 1 2 1 1 2 2 1 1 1 1 1 1 2 1
128 93 101 1 
1 1 1 1 1 1 2 2 1 1 1 1 1 2 2 2 2 2 2 2 1 2 1 2 1 2 1 2 1 1 2 2 2 1 2 1 2 2 1 1 2 1 2 2 2 2 1 1 1 2 2 2 1 1 1 1 1 1 1 1
108 82 73 0 
1 1 2 1 2 1 1 2 1 1 1 1 1 2 1 2 2 1 2 2 2 1 1 1 1 2 1 1 2 1 1 1 1 1 1 1 2 2 1 1 1 1 2 2 2 2 2 2 1 2 2 2 1 1 1 1 1 1 1 2
105 26 27 1 
1 1 2 1 2 2 2 2 1 1 1 1 1 2 1 2 2 2 2 2 1 1 2 1 1 2 1 1 1 2 1 1 1 2 1 2 2 2 1 1 1 1 2 1 2 1 2 2 2 1 2 1 2 1 1 1 1 1 1 1
138 83 18 0 
1 1 2 1 2 1 2 1 1 1 2 2 1 1 1 1 1 1 1 1 1 1 1 1 1 2 1 1 2 2 2 1 2 1 2 2 2 1 1 1 2 1 1 2 2 1 1 2 1 1 2 2 1 2 1 1 1 2 1 2
27 22 2 0 
1 1 2 1 2 2 1 2 1 1 2 1 2 2 2 2 2 2 1 2 1 1 1 1 2 1 1 2 2 1 1 2 1 2 1 2 2 2 1 2 1 1 1 2 1 2 2 2 1 1 1 2 1 2 1 1 1 1 2 1
4 1 2 0 
1 1 1 1 1 1 1 2 2 1 2 1 2 1 2 2 2 2 2 2 1 1 1 2 2 2 1 2 2 1 1 2 2 1 2 1 2 1 1 2 1 1 2 2 2 2 1 2 1 1 2 2 1 1 1 1 1 1 2 1
88 6 4 1 
1 1 2 1 1 1 2 1 1 2 1 2 1 2 2 2 2 2 2 2 1 1 1 2 2 2 1 2 2 1 2 1 2 2 2 2 2 2 1 1 2 1 1 2 2 2 1 2 2 1 2 2 1 1 2 1 1 1 1 1
85 78 58 0 
1 1 2 1 2 1 2 1 2 1 2 1 2 1 2 2 2 1 2 1 2 1 2 1 1 1 2 1 1 1 1 2 1 1 1 1 2 1 1 1 1 2 2 2 1 2 2 2 1 1 1 2 1 1 1 1 1 1 2 1
80 13 10 1 
1 1 1 1 1 1 1 1 1 1 2 2 1 1 1 2 1 2 2 2 1 1 1 1 2 2 1 1 2 2 1 1 2 2 2 1 2 2 1 1 1 1 2 2 2 2 1 1 1 2 2 2 1 1 1 2 1 1 1 2
59 38 27 0 
1 1 1 2 1 2 2 1 1 1 1 2 2 2 2 2 2 2 2 1 2 1 2 1 2 2 1 1 2 1 1 2 1 2 1 1 2 2 1 1 1 1 2 1 2 1 1 2 1 1 1 1 1 1 1 1 1 1 1 2
16 1 3 1 
1 1 2 1 1 2 2 1 2 1 2 2 2 2 1 1 2 1 2 1 1 1 1 1 1 2 1 1 2 1 1 2 2 2 2 2 2 1 1 1 1 1 2 2 2 1 1 2 1 1 2 2 1 2 1 1 1 1 2 2
67 49 18 0 
1 1 1 2 2 2 1 1 1 1 1 2 1 1 1 1 2 2 1 1 1 1 1 1 2 1 1 2 1 1 1 2 2 1 1 2 2 2 1 1 1 1 2 2 2 1 1 2 1 1 1 2 1 2 1 1 2 2 2 2
6 1 2 1 
1 1 2 1 1 1 2 2 2 1 2 1 1 1 1 2 2 2 2 2 1 1 1 1 2 1 1 2 2 1 1 2 1 2 1 2 2 2 1 1 1 2 2 1 2 2 1 2 2 1 2 2 1 1 2 1 1 1 1 1
131 100 54 1 
1 1 1 2 2 2 2 2 1 1 1 1 1 2 2 1 2 1 2 1 1 1 1 1 2 1 1 1 2 2 1 1 1 1 1 1 2 2 1 1 1 1 2 2 2 2 2 1 1 1 2 2 2 1 2 1 1 1 1 2
182 36 54 0 
1 1 2 1 1 2 2 1 1 1 2 1 1 2 2 1 2 1 2 2 2 2 2 2 1 1 1 1 2 2 1 1 1 1 1 1 2 2 1 1 1 2 2 1 2 2 1 1 2 1 2 2 1 1 1 1 1 1 1 1
200 131 107 0 
1 1 2 1 2 1 2 1 1 1 1 2 2 1 1 2 1 2 2 2 1 2 1 2 2 1 1 2 2 2 1 1 1 1 1 1 2 2 1 1 1 1 2 2 2 2 2 1 1 1 2 2 2 2 2 1 1 2 2 1
124 114 58 1 
1 1 1 1 1 1 1 1 1 1 2 1 2 1 1 2 2 2 2 2 1 1 1 1 1 2 1 1 1 1 2 1 2 1 2 1 2 1 1 1 2 2 2 1 2 2 2 2 1 1 2 2 1 1 1 2 1 1 2 2
44 5 27 0 
1 1 2 2 1 2 2 1 2 1 2 1 2 2 1 2 1 2 1 1 1 1 1 1 1 2 2 1 1 2 1 2 2 1 2 2 2 2 1 2 1 1 2 2 2 2 1 2 1 1 2 1 1 1 1 1 1 1 2 2
176 28 127 1 
1 1 2 1 2 1 1 2 1 1 2 2 1 2 2 2 2 2 2 2 1 1 1 2 1 1 1 2 1 2 1 1 1 2 1 1 2 1 1 1 1 1 2 2 2 2 2 2 1 1 2 2 1 1 1 1 1 2 2 2
119 30 59 0 
1 1 1 2 1 2 2 1 2 1 2 1 1 2 2 2 2 2 2 2 1 2 1 2 2 2 2 1 1 2 2 2 1 2 2 1 2 2 2 1 1 1 2 1 2 1 1 1 2 1 2 1 2 1 1 1 1 1 1 2
123 14 76 0 
1 1 1 2 1 2 2 2 2 1 1 2 1 1 2 2 2 2 2 2 1 1 1 1 1 1 1 1 2 2 1 1 2 1 2 2 2 2 1 1 2 1 2 2 2 2 1 1 2 1 2 2 2 1 1 1 1 1 1 2
192 163 18 1 
1 1 2 2 2 2 2 2 1 1 1 2 1 2 2 1 2 1 1 1 1 1 1 1 1 1 2 2 2 1 1 2 1 1 1 1 2 1 1 1 2 1 1 2 2 2 2 1 1 1 2 2 1 2 1 1 1 1 2 2
98 63 56 0 
1 1 2 1 2 2 2 2 1 1 2 2 2 2 1 2 2 2 2 2 2 2 2 2 1 1 1 1 2 2 1 1 1 1 1 1 2 2 1 1 1 1 2 2 2 2 1 1 1 2 2 2 1 2 1 1 1 1 1 2
162 81 4 1 
1 1 2 1 1 1 2 2 2 1 2 1 2 1 2 2 2 2 2 2 1 1 1 2 2 2 1 2 2 1 1 1 1 2 1 2 2 1 1 2 1 1 2 2 1 2 2 1 2 1 2 2 2 1 2 1 1 1 2 2
9 1 2 0 
1 1 1 1 1 1 1 2 1 1 2 1 1 2 1 2 2 2 2 2 2 1 2 1 1 2 1 2 2 1 1 2 2 1 2 1 2 1 1 2 1 1 2 2 2 2 1 2 2 1 2 2 1 1 1 1 1 1 1 2
72 24 58 1 
1 1 2 1 1 2 2 2 2 2 2 2 2 2 1 2 1 1 1 1 1 1 1 1 2 1 1 2 2 1 1 1 2 1 2 1 2 1 1 1 1 2 2 1 2 2 2 2 1 1 2 2 2 1 1 1 1 1 2 2
170 74 161 1 
1 1 2 1 1 1 1 2 1 1 1 2 1 2 2 1 2 1 2 1 2 1 2 1 1 2 1 1 2 1 2 1 1 2 1 2 2 2 1 1 1 1 2 2 2 2 2 2 1 1 2 1 2 1 2 1 1 1 2 2
91 40 47 0 
1 1 2 1 1 1 2 2 2 1 2 2 1 2 1 2 2 1 2 2 1 2 1 2 1 1 1 1 2 2 1 1 1 1 2 1 2 1 1 1 1 2 2 1 2 2 2 2 1 1 2 2 2 1 1 1 1 1 1 1
187 82 178 1 
1 1 2 2 2 1 2 2 1 2 1 2 1 2 1 1 2 1 2 1 2 1 1 1 1 1 1 2 2 1 1 2 1 2 1 2 2 1 1 1 1 1 1 2 2 1 2 2 1 1 2 2 1 1 1 1 1 1 1 2
178 16 57 0 
1 1 2 2 1 1 2 1 2 1 2 2 2 2 1 1 1 2 1 1 1 1 1 2 1 1 1 2 2 1 2 2 2 2 2 2 1 1 1 1 1 1 2 2 2 1 1 2 1 1 2 2 1 1 1 1 1 1 2 2
32 22 9 1 
1 1 2 1 2 1 1 2 1 1 1 2 2 1 1 1 1 2 2 2 1 1 1 1 2 2 1 2 2 1 1 2 1 1 1 2 2 1 1 2 1 1 1 2 2 2 1 2 2 1 2 2 1 1 1 1 1 1 2 2
162 81 4 1 
1 1 2 1 1 1 2 2 2 1 2 1 2 1 2 2 2 2 2 2 1 1 1 2 2 2 1 2 2 1 1 1 1 2 1 2 2 1 1 2 1 1 2 2 1 2 2 1 2 1 2 2 2 1 2 1 1 1 2 2
22 1 3 1 
1 1 1 2 1 2 1 1 2 1 2 1 2 2 2 1 2 1 2 1 1 1 1 1 2 1 1 2 2 1 1 2 1 1 1 1 2 2 1 1 1 1 2 1 2 1 1 2 2 1 2 1 1 1 1 1 1 1 2 2
78 5 11 1 
1 1 2 1 2 2 2 1 2 1 2 2 2 1 2 1 2 2 1 2 1 2 1 2 1 1 2 1 1 2 1 1 2 1 2 1 2 2 1 1 1 1 1 2 1 2 2 2 1 1 1 2 1 1 1 1 1 1 2 2
117 49 10 1 
1 1 2 1 2 1 2 1 1 1 1 1 2 1 1 1 1 2 1 2 1 1 1 1 2 2 1 1 1 2 1 1 2 2 2 1 1 2 1 1 1 2 2 2 1 2 1 2 1 1 2 2 1 1 1 2 2 1 2 2
110 95 97 1 
1 1 1 1 2 1 2 1 2 1 1 2 1 1 2 2 1 2 2 1 1 1 1 1 2 2 1 1 2 1 1 1 2 1 2 2 1 2 1 1 1 1 2 2 2 1 1 2 1 1 2 2 2 1 1 1 1 1 2 2
132 34 76 0 
1 1 1 1 1 1 2 2 1 1 1 2 1 2 2 2 2 2 2 2 1 1 2 1 1 1 2 1 1 2 2 1 1 1 1 1 1 2 1 2 1 1 2 2 2 2 2 1 1 1 2 2 1 1 2 1 1 1 1 2
81 1 27 1 
1 1 2 1 1 2 2 1 2 1 2 2 2 2 2 2 2 2 2 1 1 1 1 1 2 2 1 2 2 2 1 1 2 1 2 1 2 2 1 1 1 1 2 1 2 1 1 2 2 1 2 1 2 1 2 1 1 1 1 2
84 63 76 0 
1 1 2 1 2 1 2 1 1 1 2 2 2 2 1 2 2 2 2 2 2 1 2 1 1 1 1 1 2 2 1 1 1 1 1 1 2 2 1 2 1 1 2 2 2 2 1 1 1 1 2 2 1 1 1 2 1 1 2 1
49 38 3 1 
1 1 2 1 2 2 2 1 1 1 1 1 1 2 1 1 2 1 2 1 2 1 2 1 1 2 1 1 2 1 1 1 1 2 1 2 2 1 1 1 1 1 2 1 2 1 1 2 1 1 1 2 1 1 1 1 2 1 1 2
125 88 7 0 
1 1 1 1 1 1 1 2 2 1 2 1 1 1 2 2 2 2 2 2 1 1 2 2 2 2 2 1 1 2 1 2 2 1 2 2 2 2 1 1 1 1 2 2 2 2 1 2 1 2 2 2 1 2 1 1 1 1 1 2
171 52 31 0 
1 1 1 1 1 2 2 2 2 1 2 2 1 2 1 2 2 2 2 2 1 2 1 2 1 1 2 1 2 2 1 1 1 1 2 1 1 2 1 1 1 1 2 2 2 2 1 1 1 2 2 2 1 2 2 2 1 1 1 2
134 23 11 0 
1 1 2 1 1 2 2 1 1 1 2 1 2 1 2 1 2 1 2 2 1 2 2 2 1 1 2 1 1 2 2 1 1 2 1 2 2 1 1 1 1 1 2 2 2 1 1 2 1 1 2 1 1 1 2 1 1 1 1 2
199 38 9 0 
1 1 1 1 2 1 2 2 1 1 1 2 2 1 2 1 2 2 2 2 1 1 1 1 2 2 1 2 2 1 1 2 1 1 1 1 2 1 1 2 1 1 2 2 2 2 1 2 2 1 2 2 1 1 1 1 2 1 2 1
114 83 10 1 
1 1 1 1 2 1 2 1 1 1 2 2 2 1 1 1 2 2 2 2 1 1 1 1 1 2 1 1 1 2 2 1 2 2 2 1 2 2 1 1 1 2 1 2 1 2 2 2 1 1 2 2 2 1 2 1 1 1 1 2
148 133 53 0 
1 1 1 1 2 1 2 2 1 1 1 1 1 1 2 1 2 2 2 2 1 1 1 1 2 1 1 2 2 2 2 2 2 2 2 2 2 1 2 1 1 2 1 1 1 2 2 2 1 1 1 2 1 1 2 1 1 1 1 2
120 34 97 1 
1 1 1 1 1 1 2 1 2 1 1 2 1 2 1 2 2 1 2 1 1 1 1 1 2 2 2 1 1 2 2 1 1 1 1 2 1 2 1 1 2 1 2 2 2 1 2 2 1 1 2 2 1 1 2 1 1 1 1 2
157 137 125 1 
1 1 2 1 2 1 2 2 2 1 2 2 2 1 1 2 2 2 2 2 1 1 1 2 1 2 1 2 1 1 2 1 2 2 1 2 2 2 1 1 1 1 2 2 2 2 2 1 1 1 2 2 1 1 2 1 1 1 2 2
139 15 119 0 
1 1 2 1 1 1 2 1 1 1 2 2 2 1 1 2 1 2 1 2 1 2 1 2 1 2 1 1 2 1 1 2 1 1 1 1 2 2 1 2 1 1 1 1 1 1 2 1 1 1 2 1 2 1 1 1 1 1 1 2
160 13 123 1 
1 1 1 1 1 1 1 2 1 2 2 1 1 1 1 2 1 2 1 2 2 1 2 1 2 1 2 1 1 2 1 1 2 2 2 2 2 2 1 1 1 2 2 2 2 2 1 1 1 1 2 2 1 1 1 1 2 1 2 1
77 13 31 1 
1 1 1 1 1 2 1 2 1 1 2 2 1 1 1 2 2 2 2 2 1 2 1 2 2 1 1 1 2 2 1 1 2 1 2 1 2 2 1 1 1 1 2 2 1 2 2 1 1 2 2 2 2 2 1 2 2 1 2 1
183 50 149 1 
1 1 2 2 1 2 2 2 2 1 2 2 2 2 1 1 1 2 1 1 1 2 2 1 1 2 1 1 2 1 1 2 1 2 2 2 2 1 1 1 1 1 2 2 2 2 1 1 1 1 2 2 2 1 1 1 1 1 2 2
182 36 54 0 
1 1 2 1 1 2 2 1 1 1 2 1 1 2 2 1 2 1 2 2 2 2 2 2 1 1 1 1 2 2 1 1 1 1 1 1 2 2 1 1 1 2 2 1 2 2 1 1 2 1 2 2 1 1 1 1 1 1 1 1
114 83 10 1 
1 1 1 1 2 1 2 1 1 1 2 2 2 1 1 1 2 2 2 2 1 1 1 1 1 2 1 1 1 2 2 1 2 2 2 1 2 2 1 1 1 2 1 2 1 2 2 2 1 1 2 2 2 1 2 1 1 1 1 2
43 16 4 0 
1 1 2 1 1 1 1 2 1 1 2 1 2 1 1 2 2 2 2 2 1 1 1 2 2 2 1 2 2 2 1 1 2 2 2 2 2 2 1 1 1 1 2 2 2 2 1 1 1 1 2 2 1 1 1 1 1 1 2 2
101 30 59 0 
1 1 1 1 1 1 2 2 1 1 1 1 1 2 1 2 2 2 2 2 1 2 1 2 2 2 2 1 1 2 2 1 1 1 2 1 2 2 1 1 1 1 2 2 2 2 1 1 2 1 2 1 2 1 1 1 1 1 2 1
201 61 54 1 
1 1 1 2 1 2 2 2 1 1 2 2 1 2 2 1 2 2 2 2 1 2 1 2 2 1 1 1 2 2 1 1 2 1 2 1 2 2 1 1 1 2 2 1 2 2 1 1 1 1 2 2 1 1 1 1 1 1 1 2
118 95 76 1 
1 1 1 2 2 2 2 2 2 1 2 2 2 2 2 2 2 2 2 2 1 1 1 1 2 1 1 1 2 2 1 2 2 1 2 2 1 2 2 1 1 1 2 2 2 2 2 1 1 1 2 2 2 1 1 2 1 1 2 2
150 100 101 0 
1 1 1 1 1 1 2 2 1 1 1 1 2 2 2 1 2 2 2 2 1 2 1 2 2 2 1 1 2 2 1 1 1 1 1 2 2 2 1 1 1 1 2 2 2 2 2 1 1 2 2 2 2 2 2 1 1 1 1 1
130 71 33 1 
1 1 1 1 1 2 2 1 2 1 2 2 2 2 2 1 2 2 2 1 1 1 1 1 1 2 2 1 1 1 2 2 2 2 1 2 1 1 1 1 1 1 2 2 2 1 2 2 1 1 2 2 1 2 1 1 1 1 1 2
45 37 12 1 
1 1 1 1 1 1 1 2 1 1 2 1 1 1 1 2 2 2 2 2 1 1 1 1 1 2 1 1 2 2 2 1 2 2 2 2 2 2 1 2 2 1 2 2 2 2 2 1 1 1 2 2 1 1 1 1 1 1 1 2
202 49 108 0 
1 1 1 2 2 2 1 1 1 1 1 1 1 1 1 1 2 2 2 2 2 1 1 1 1 2 1 1 2 2 1 1 1 1 1 1 2 2 1 1 1 1 2 2 2 2 2 2 1 1 2 2 1 1 1 1 1 1 2 2
155 35 97 1 
1 1 2 1 1 2 2 1 1 1 2 2 2 1 2 1 1 1 1 1 1 1 1 1 1 1 1 1 2 2 1 1 1 1 1 2 2 2 1 1 1 1 2 2 2 1 1 2 1 1 2 2 2 1 1 1 1 1 2 2
130 71 33 1 
1 1 1 1 1 2 2 1 2 1 2 2 2 2 2 1 2 2 2 1 1 1 1 1 1 2 2 1 1 1 2 2 2 2 1 2 1 1 1 1 1 1 2 2 2 1 2 2 1 1 2 2 1 2 1 1 1 1 1 2
168 70 10 1 
1 1 2 1 2 1 2 2 1 1 2 1 2 1 1 2 1 2 1 2 2 1 2 1 2 2 1 2 1 1 1 2 1 1 1 1 2 1 1 1 2 2 1 2 2 2 1 1 1 1 2 2 2 1 1 2 1 1 2 2
165 160 109 1 
1 1 1 1 1 1 2 2 2 1 1 2 1 1 2 2 2 2 2 2 1 1 1 1 1 1 1 2 2 1 1 2 2 1 2 1 2 1 1 1 2 1 2 2 2 2 1 1 1 1 2 2 1 1 1 1 1 1 1 1
41 6 21 1 
1 1 1 1 1 2 2 2 1 1 1 1 1 2 2 2 2 2 2 2 1 2 1 2 2 2 1 1 2 2 1 1 1 1 2 1 2 2 1 1 2 1 1 2 2 2 2 2 1 1 2 2 1 2 1 2 1 1 1 1
35 15 20 1 
1 1 2 1 1 2 2 2 2 1 2 2 2 1 2 2 1 2 1 2 1 2 1 2 1 1 1 1 1 2 1 1 1 1 1 1 2 1 1 1 1 2 2 1 2 2 1 2 1 1 2 2 2 1 1 1 1 1 2 1
189 74 85 1 
1 1 2 2 2 1 2 1 1 1 1 1 1 1 2 2 2 2 2 2 2 2 2 1 1 1 1 1 1 1 2 2 1 1 1 1 2 2 1 1 1 1 2 2 2 1 1 2 1 1 2 1 2 1 2 1 1 1 2 2
129 35 99 0 
1 1 2 2 1 2 2 2 2 1 2 2 1 2 2 1 1 2 1 1 1 1 1 1 1 1 1 1 1 2 1 1 1 1 1 1 2 2 1 1 2 1 1 2 2 2 1 2 1 1 2 2 1 2 1 1 1 1 1 2
141 66 85 0 
1 1 1 1 1 1 2 1 1 1 1 1 1 1 2 2 2 1 2 2 1 2 2 2 1 1 1 2 1 1 2 1 2 1 2 1 1 2 1 1 1 1 2 2 1 1 2 2 1 1 2 1 1 1 2 1 1 1 1 2
198 152 125 0 
1 1 1 1 1 1 2 2 2 1 2 2 2 1 2 2 2 2 2 2 2 1 2 2 1 2 1 2 1 2 1 2 1 1 1 2 1 2 1 1 2 1 2 2 2 2 2 1 1 2 2 2 1 2 1 1 1 1 2 2
38 6 8 1 
1 1 1 2 1 2 2 2 1 1 1 1 1 2 1 2 2 2 2 2 1 2 1 2 1 2 1 1 2 2 1 1 1 1 1 1 2 2 1 1 1 1 2 2 2 2 1 1 2 1 2 1 1 2 1 2 1 2 1 2
142 88 54 1 
1 1 2 1 1 2 1 2 2 1 1 2 1 2 2 1 2 1 2 1 1 1 1 1 2 1 1 1 2 2 2 1 2 1 2 1 2 2 1 1 2 2 1 1 2 2 1 1 2 1 2 2 1 1 1 1 1 1 1 2
172 55 161 0 
1 1 1 1 1 1 2 2 1 1 1 2 1 2 2 2 2 1 2 1 1 2 2 2 2 1 2 1 1 2 1 1 2 2 2 2 2 2 2 1 1 1 2 2 2 2 1 2 1 1 2 1 2 1 1 1 1 1 1 1
58 35 10 0 
1 1 1 1 2 1 2 1 2 1 2 1 2 1 2 2 1 2 1 2 1 1 1 1 1 2 1 2 1 1 1 2 1 1 1 1 1 1 1 1 2 2 1 2 2 2 1 2 1 1 2 2 1 1 1 2 1 1 1 2
183 50 149 1 
1 1 2 2 1 2 2 2 2 1 2 2 2 2 1 1 1 2 1 1 1 2 2 1 1 2 1 1 2 1 1 2 1 2 2 2 2 1 1 1 1 1 2 2 2 2 1 1 1 1 2 2 2 1 1 1 1 1 2 2
70 16 54 1 
1 1 1 2 2 2 1 2 1 1 2 2 2 2 1 1 1 1 1 1 1 2 1 2 2 1 1 1 1 2 2 1 2 1 2 1 1 2 1 1 1 2 2 1 2 2 1 1 1 1 2 2 2 1 1 1 1 1 2 2
40 14 7 1 
1 1 1 2 1 1 2 2 2 2 2 2 2 1 2 1 2 2 2 2 1 1 1 1 1 2 1 2 2 1 1 1 1 2 1 2 2 2 1 1 1 1 2 2 2 2 1 2 2 1 2 2 2 2 1 1 1 1 2 1
101 30 59 0 
1 1 1 1 1 1 2 2 1 1 1 1 1 2 1 2 2 2 2 2 1 2 1 2 2 2 2 1 1 2 2 1 1 1 2 1 2 2 1 1 1 1 2 2 2 2 1 1 2 1 2 1 2 1 1 1 1 1 2 1
49 38 3 1 
1 1 2 1 2 2 2 1 1 1 1 1 1 2 1 1 2 1 2 1 2 1 2 1 1 2 1 1 2 1 1 1 1 2 1 2 2 1 1 1 1 1 2 1 2 1 1 2 1 1 1 2 1 1 1 1 2 1 1 2
83 25 54 1 
1 1 2 1 2 2 2 2 1 1 2 2 1 2 2 1 2 1 2 1 1 1 1 1 2 1 1 1 1 2 2 1 2 1 2 1 2 2 1 1 1 2 1 1 1 2 2 1 1 1 2 2 2 1 2 1 1 1 1 1
107 102 20 0 
1 1 1 2 1 1 2 1 1 1 2 2 2 1 2 2 2 2 2 2 2 2 2 2 2 1 1 2 1 2 1 1 2 1 1 1 2 2 1 1 1 1 2 2 2 2 1 2 1 1 2 2 2 1 1 1 2 1 2 1
123 14 76 0 
1 1 1 2 1 2 2 2 2 1 1 2 1 1 2 2 2 2 2 2 1 1 1 1 1 1 1 1 2 2 1 1 2 1 2 2 2 2 1 1 2 1 2 2 2 2 1 1 2 1 2 2 2 1 1 1 1 1 1 2
193 68 181 0 
1 1 2 2 1 2 1 2 2 1 2 2 2 1 2 2 2 2 2 1 1 1 1 1 1 1 1 1 1 1 2 2 2 1 2 1 2 2 1 1 1 1 2 2 1 1 2 2 1 1 2 2 1 1 2 1 1 1 1 2
52 6 9 1 
1 1 2 1 1 1 2 1 2 1 2 2 1 1 1 2 2 2 2 2 1 1 1 1 1 1 2 1 2 2 1 1 1 2 1 2 2 1 1 2 1 1 2 2 2 2 1 2 1 2 2 2 1 1 2 1 1 1 1 2
62 6 33 1 
1 1 2 1 1 2 2 1 1 1 2 1 1 2 1 1 2 1 2 1 1 1 1 1 2 1 1 1 1 1 2 2 2 2 2 2 2 1 1 1 2 1 1 2 2 1 1 2 2 1 2 2 1 1 1 1 1 1 1 2
167 100 64 0 
1 1 1 1 2 1 2 2 1 1 1 2 1 2 2 2 2 2 2 1 1 2 1 1 2 1 1 1 2 2 1 1 1 1 2 1 2 2 1 1 1 2 2 1 2 2 2 2 1 1 2 2 2 2 1 1 1 1 1 1
4 1 2 0 
1 1 1 1 1 1 1 2 2 1 2 1 2 1 2 2 2 2 2 2 1 1 1 2 2 2 1 2 2 1 1 2 2 1 2 1 2 1 1 2 1 1 2 2 2 2 1 2 1 1 2 2 1 1 1 1 1 1 2 1
125 88 7 0 
1 1 1 1 1 1 1 2 2 1 2 1 1 1 2 2 2 2 2 2 1 1 2 2 2 2 2 1 1 2 1 2 2 1 2 2 2 2 1 1 1 1 2 2 2 2 1 2 1 2 2 2 1 2 1 1 1 1 1 2
188 155 141 0 
1 1 1 1 2 1 1 1 1 1 2 1 1 1 1 2 1 1 1 2 1 1 1 2 1 1 1 1 2 1 1 2 1 2 2 2 2 2 1 1 1 1 2 2 2 1 1 2 1 1 2 1 2 1 1 1 1 1 2 2
39 1 11 1 
1 1 1 1 1 1 1 1 1 1 2 1 1 2 1 1 2 1 2 1 1 2 1 2 2 1 1 1 2 2 1 1 1 1 2 2 2 1 1 1 1 1 2 2 2 1 1 2 2 1 2 1 2 1 2 1 1 1 2 2
110 95 97 1 
1 1 1 1 2 1 2 1 2 1 1 2 1 1 2 2 1 2 2 1 1 1 1 1 2 2 1 1 2 1 1 1 2 1 2 2 1 2 1 1 1 1 2 2 2 1 1 2 1 1 2 2 2 1 1 1 1 1 2 2
146 63 20 1 
1 1 2 1 2 2 2 2 1 1 2 1 2 1 1 2 2 2 2 2 2 1 2 1 1 1 1 1 2 2 1 1 1 1 1 1 2 2 1 1 1 1 2 1 2 2 1 2 1 1 2 2 1 1 2 1 1 1 2 1
100 41 79 1 
1 1 1 1 2 1 2 2 1 1 1 1 1 2 2 2 2 2 2 2 1 1 1 1 2 2 1 1 2 1 1 2 1 2 1 2 2 2 1 1 1 1 2 1 2 1 2 2 1 1 2 2 2 2 2 1 1 1 1 1
196 15 31 1 
1 1 2 1 2 1 2 1 2 1 2 2 2 1 2 2 2 2 2 2 2 2 2 2 1 1 1 1 2 2 1 1 1 1 1 1 2 2 1 1 1 1 1 2 1 2 2 1 1 2 2 2 2 2 1 2 1 1 2 2
179 146 86 1 
1 1 1 1 2 1 2 1 1 1 1 2 1 1 2 1 2 1 2 1 2 1 2 1 1 2 1 1 2 2 1 1 1 1 1 2 2 1 1 1 1 1 1 2 2 1 1 2 1 1 2 2 1 2 1 1 1 2 1 2
188 155 141 0 
1 1 1 1 2 1 1 1 1 1 2 1 1 1 1 2 1 1 1 2 1 1 1 2 1 1 1 1 2 1 1 2 1 2 2 2 2 2 1 1 1 1 2 2 2 1 1 2 1 1 2 1 2 1 1 1 1 1 2 2
24 15 7 1 
1 1 2 1 1 1 2 2 2 1 2 1 2 2 1 1 1 2 1 2 1 1 1 1 1 2 1 2 2 1 1 2 1 2 1 2 2 2 1 1 1 1 2 2 2 2 2 2 1 1 2 2 2 2 1 1 1 1 1 2
121 28 85 1 
1 1 1 1 2 1 1 1 1 1 2 1 2 1 2 2 2 1 2 2 2 2 2 2 1 1 1 2 2 1 1 2 1 1 1 1 2 1 1 1 1 2 2 2 2 2 2 2 1 1 2 1 1 1 1 1 1 1 2 2
29 16 9 0 
1 1 2 1 1 1 1 2 2 1 2 2 2 2 1 2 1 2 1 2 1 1 1 1 2 2 1 2 1 1 2 2 2 2 2 2 1 2 1 1 1 1 2 2 1 2 1 2 1 1 2 2 2 1 1 1 1 1 2 2
138 83 18 0 
1 1 2 1 2 1 2 1 1 1 2 2 1 1 1 1 1 1 1 1 1 1 1 1 1 2 1 1 2 2 2 1 2 1 2 2 2 1 1 1 2 1 1 2 2 1 1 2 1 1 2 2 1 2 1 1 1 2 1 2
9 1 2 0 
1 1 1 1 1 1 1 2 1 1 2 1 1 2 1 2 2 2 2 2 2 1 2 1 1 2 1 2 2 1 1 2 2 1 2 1 2 1 1 2 1 1 2 2 2 2 1 2 2 1 2 2 1 1 1 1 1 1 1 2
105 26 27 1 
1 1 2 1 2 2 2 2 1 1 1 1 1 2 1 2 2 2 2 2 1 1 2 1 1 2 1 1 1 2 1 1 1 2 1 2 2 2 1 1 1 1 2 1 2 1 2 2 2 1 2 1 2 1 1 1 1 1 1 1
34 14 2 1 
1 1 1 1 1 1 2 2 2 1 1 1 1 1 1 2 2 2 2 2 1 1 1 2 1 2 2 2 1 1 2 2 2 1 2 1 2 1 1 1 2 1 2 2 2 2 2 2 1 1 2 2 1 1 1 2 1 1 1 2
87 80 56 1 
1 1 1 1 1 1 1 2 1 1 2 2 1 2 2 2 2 2 2 2 1 1 1 1 2 1 1 1 2 2 1 1 2 1 2 1 2 2 1 1 1 1 2 2 2 2 1 1 2 2 2 2 1 2 2 2 1 1 2 2
19 1 3 1 
1 1 2 2 1 2 2 1 1 1 2 1 1 2 1 1 2 1 2 1 1 2 1 2 2 2 1 2 2 1 1 2 2 2 2 2 2 1 1 1 1 1 2 1 2 1 1 2 1 1 2 1 1 1 2 1 1 1 1 2
47 35 4 0 
1 1 2 1 2 1 2 2 1 1 2 2 2 2 2 2 1 2 1 2 2 1 2 1 1 2 1 1 2 2 1 1 1 2 1 2 1 2 1 1 2 1 1 2 2 2 2 1 1 1 2 2 1 1 1 1 1 1 1 1
96 1 58 0 
1 1 2 1 1 2 1 2 2 2 2 2 1 2 1 2 2 1 2 2 1 1 1 1 2 2 1 2 2 1 1 1 1 1 1 1 2 1 1 1 1 2 2 2 2 2 1 1 1 1 2 2 1 1 1 1 1 1 2 2
61 37 4 1 
1 1 1 1 1 1 2 2 1 1 2 1 1 1 2 2 2 2 2 2 1 1 1 1 1 2 1 1 2 2 2 1 2 2 2 2 2 2 1 1 2 1 2 2 2 2 1 1 1 1 2 2 1 1 1 1 1 1 1 1
147 116 119 0 
1 1 2 2 2 1 2 1 1 2 2 2 2 1 2 2 2 2 2 2 2 1 2 1 1 2 1 2 2 1 1 2 1 1 1 2 2 2 1 2 1 1 2 1 1 2 2 1 1 2 2 2 2 2 1 1 2 1 2 1
12 1 2 0 
1 1 1 1 1 2 2 2 2 1 2 1 2 1 2 2 2 2 2 2 1 1 1 1 2 1 1 2 2 1 1 2 2 2 2 2 2 2 1 2 1 1 2 2 2 2 1 2 1 1 2 2 1 1 1 1 1 1 1 2
31 1 21 0 
1 1 1 1 1 2 1 2 1 1 2 2 2 1 2 2 2 2 2 2 2 2 2 2 1 1 1 1 2 2 1 1 1 1 1 1 2 2 1 1 1 1 2 2 2 2 1 1 2 2 2 2 2 2 2 2 1 1 1 2
86 39 17 0 
1 1 1 2 1 1 1 2 1 1 1 2 2 1 1 1 1 1 2 1 1 2 1 2 2 1 1 1 2 1 1 2 1 1 2 1 1 2 1 1 1 1 2 2 1 2 1 2 2 1 2 2 2 2 2 1 1 2 2 2
136 116 44 1 
1 1 2 2 2 2 2 1 1 1 2 1 2 2 2 1 2 1 2 1 2 1 2 1 1 2 1 1 2 2 1 2 1 1 1 2 2 2 1 2 1 1 1 2 1 2 2 2 1 1 2 1 2 1 1 1 1 1 2 2
50 15 18 1 
1 1 2 2 1 2 2 1 2 1 2 2 2 1 1 1 1 1 1 1 1 1 2 1 1 2 1 1 2 2 1 1 1 1 1 2 2 2 1 1 1 1 2 2 2 2 1 1 1 1 2 2 2 1 1 1 1 2 1 2
50 15 18 1 
1 1 2 2 1 2 2 1 2 1 2 2 2 1 1 1 1 1 1 1 1 1 2 1 1 2 1 1 2 2 1 1 1 1 1 2 2 2 1 1 1 1 2 2 2 2 1 1 1 1 2 2 2 1 1 1 1 2 1 2
33 16 3 0 
1 1 1 1 2 2 1 1 1 1 2 1 2 2 1 1 2 1 1 1 1 2 1 1 2 1 1 2 1 1 2 2 2 2 2 2 1 1 1 1 1 1 2 2 2 1 1 2 1 1 2 2 1 2 1 1 1 1 2 2
194 142 11 1 
1 1 1 1 2 1 2 1 1 1 2 2 2 1 1 1 2 2 1 1 1 2 1 2 2 2 1 1 2 1 2 1 2 2 2 2 2 1 1 1 2 1 1 2 2 1 1 2 1 1 2 2 1 1 1 1 1 1 2 2
54 42 17 0 
1 1 1 2 2 2 1 2 1 1 1 2 1 2 1 1 2 1 2 1 2 1 2 1 1 1 1 1 2 2 1 1 1 1 1 1 2 2 1 1 2 1 1 2 2 2 1 1 1 1 2 2 1 1 1 1 1 1 1 2
65 14 12 1 
1 1 1 1 1 1 2 2 1 2 1 2 1 2 1 2 2 2 2 2 1 1 1 1 1 2 1 1 2 2 1 1 1 2 1 2 2 2 1 1 2 1 2 2 2 2 2 1 1 1 2 2 2 1 1 1 1 1 1 2
173 83 51 0 
1 1 2 1 2 1 2 2 1 2 2 1 1 1 1 2 1 2 2 2 1 1 1 2 2 2 1 2 1 1 2 2 2 1 2 1 2 2 1 1 1 1 1 2 1 2 2 2 1 1 2 2 1 1 1 1 1 1 1 1
26 15 9 1 
1 1 2 1 2 1 2 2 1 1 2 1 2 1 1 1 2 2 2 2 2 1 2 2 1 1 1 1 1 2 1 1 1 2 1 2 2 2 1 1 1 1 1 2 2 2 1 2 1 2 2 2 2 1 1 1 1 1 2 1
103 55 43 1 
1 1 1 1 1 1 2 2 1 1 1 1 2 1 2 1 2 2 2 2 1 1 2 2 2 2 2 1 2 2 1 1 2 2 2 2 2 2 2 1 1 1 2 2 2 2 2 1 1 1 2 2 2 1 1 1 1 1 1 2
191 14 141 1 
1 1 1 1 1 1 2 1 1 1 2 1 1 1 2 2 2 1 2 2 1 2 1 2 1 1 2 2 1 1 2 1 2 1 2 1 2 2 1 1 2 1 2 2 2 1 1 2 1 1 2 1 2 1 1 1 1 1 1 2
63 23 20 1 
1 1 2 2 2 1 2 1 1 1 2 2 2 1 1 1 2 2 2 2 1 2 2 2 1 1 1 1 2 2 1 1 1 1 1 1 2 2 1 1 1 1 2 2 2 2 1 1 1 1 2 2 1 1 2 1 1 1 2 1
134 23 11 0 
1 1 2 1 1 2 2 1 1 1 2 1 2 1 2 1 2 1 2 2 1 2 2 2 1 1 2 1 1 2 2 1 1 2 1 2 2 1 1 1 1 1 2 2 2 1 1 2 1 1 2 1 1 1 2 1 1 1 1 2
71 48 12 1 
1 1 1 1 1 1 2 2 1 2 2 2 1 2 2 2 2 2 2 2 2 1 1 1 2 1 1 2 1 1 2 2 1 2 1 2 1 2 1 2 1 1 2 2 2 2 2 2 1 1 2 2 1 1 1 1 2 1 2 1
106 90 11 1 
1 1 1 1 2 1 2 1 1 1 1 1 2 2 2 1 2 1 2 1 2 2 2 2 1 2 1 1 2 1 1 1 1 1 1 1 2 1 2 1 1 1 2 2 2 2 1 1 2 1 2 1 1 1 1 1 1 1 1 2
152 121 8 1 
1 1 1 1 2 1 1 2 1 2 2 2 2 2 2 2 2 2 2 2 2 2 2 2 1 2 1 1 2 1 1 1 1 2 1 2 1 1 1 1 2 1 2 2 2 1 2 1 1 1 2 2 1 2 1 2 1 1 2 2
24 15 7 1 
1 1 2 1 1 1 2 2 2 1 2 1 2 2 1 1 1 2 1 2 1 1 1 1 1 2 1 2 2 1 1 2 1 2 1 2 2 2 1 1 1 1 2 2 2 2 2 2 1 1 2 2 2 2 1 1 1 1 1 2
171 52 31 0 
1 1 1 1 1 2 2 2 2 1 2 2 1 2 1 2 2 2 2 2 1 2 1 2 1 1 2 1 2 2 1 1 1 1 2 1 1 2 1 1 1 1 2 2 2 2 1 1 1 2 2 2 1 2 2 2 1 1 1 2
159 48 138 0 
1 1 1 1 1 1 1 1 1 1 2 2 1 1 1 1 2 1 2 1 1 1 2 1 1 2 1 1 2 2 2 2 1 2 1 2 1 1 1 1 2 1 1 1 2 1 2 1 1 1 2 2 1 1 1 1 1 2 1 2
59 38 27 0 
1 1 1 2 1 2 2 1 1 1 1 2 2 2 2 2 2 2 2 1 2 1 2 1 2 2 1 1 2 1 1 2 1 2 1 1 2 2 1 1 1 1 2 1 2 1 1 2 1 1 1 1 1 1 1 1 1 1 1 2
164 49 10 1 
1 1 1 1 2 1 2 2 1 1 1 1 1 1 1 2 1 2 1 2 1 1 1 1 2 2 1 2 1 2 1 1 2 2 2 1 1 2 1 1 1 2 1 2 1 2 1 2 1 1 2 2 1 1 1 1 1 1 2 2
5 1 3 1 
1 1 2 2 1 2 2 2 2 1 2 2 2 2 2 1 2 1 2 1 1 1 1 1 2 1 1 2 2 1 1 2 2 1 2 1 2 2 1 1 1 1 2 1 2 1 1 2 1 1 2 1 1 1 1 1 1 1 2 2
17 1 3 0 
1 1 2 2 1 2 2 2 1 1 2 2 1 2 2 1 2 1 2 1 2 1 2 1 1 1 1 2 2 1 1 2 1 1 1 1 2 2 1 1 1 1 2 1 2 1 1 2 2 1 2 2 1 2 1 1 1 2 2 2
82 28 54 1 
1 1 2 2 2 2 2 1 1 1 2 1 2 1 2 1 2 2 2 2 2 2 1 1 1 1 1 1 2 2 1 1 1 1 1 1 2 2 1 1 1 2 2 1 2 2 2 1 1 1 2 2 1 1 1 1 1 1 1 1
56 40 31 0 
1 1 1 1 1 2 2 2 2 1 2 2 2 1 2 2 2 2 2 2 1 2 1 2 1 1 1 1 2 2 1 1 1 1 1 1 2 2 1 1 1 1 2 2 2 2 1 1 2 2 2 2 2 2 1 2 1 1 2 2
118 95 76 1 
1 1 1 2 2 2 2 2 2 1 2 2 2 2 2 2 2 2 2 2 1 1 1 1 2 1 1 1 2 2 1 2 2 1 2 2 1 2 2 1 1 1 2 2 2 2 2 1 1 1 2 2 2 1 1 2 1 1 2 2
6 1 2 1 
1 1 2 1 1 1 2 2 2 1 2 1 1 1 1 2 2 2 2 2 1 1 1 1 2 1 1 2 2 1 1 2 1 2 1 2 2 2 1 1 1 2 2 1 2 2 1 2 2 1 2 2 1 1 2 1 1 1 1 1
37 6 18 1 
1 1 1 1 1 1 2 1 1 1 1 2 1 1 2 1 2 1 2 1 1 1 1 1 1 2 1 1 2 2 2 1 2 1 2 2 2 2 1 1 2 1 2 2 2 1 1 2 1 1 2 2 1 1 1 1 1 1 1 2
112 16 85 1 
1 1 1 2 2 2 1 2 1 2 2 2 2 2 1 2 1 2 1 2 1 1 1 1 1 1 1 1 2 1 1 2 2 1 2 1 2 2 1 1 1 1 2 2 1 1 2 2 1 1 2 1 2 1 1 1 1 1 2 1
25 6 17 1 
1 1 1 2 1 2 2 2 2 1 2 2 1 1 1 2 2 1 2 1 1 2 1 1 2 1 1 2 1 1 2 2 2 1 2 1 2 2 1 1 2 1 2 1 2 1 2 2 1 1 2 2 1 2 2 1 1 2 1 2
55 26 2 1 
1 1 1 1 1 1 2 2 1 1 1 1 2 1 1 2 2 2 2 2 1 1 2 2 1 2 1 2 2 1 1 2 2 2 2 2 2 2 1 2 1 1 1 2 2 2 1 2 2 1 2 2 1 2 1 2 1 1 1 2
90 45 21 1 
1 1 1 1 1 2 2 2 1 1 1 1 1 2 2 2 2 2 2 2 1 2 1 2 1 1 1 1 2 2 2 1 2 1 2 1 2 2 2 1 1 1 2 2 2 2 1 1 1 2 2 2 1 2 1 2 1 1 1 2
51 34 4 0 
1 1 1 1 1 1 2 2 2 1 1 1 1 1 1 2 2 2 2 2 1 1 1 2 1 2 2 2 1 1 2 2 2 1 2 1 2 1 1 2 2 1 2 2 2 2 2 2 1 1 2 2 1 1 1 1 1 1 1 1
95 72 12 1 
1 1 1 1 2 2 2 2 2 2 2 1 2 1 2 2 1 2 1 2 1 1 1 1 2 2 1 1 2 2 1 1 2 2 2 2 1 2 1 2 2 1 2 2 2 2 2 1 1 1 2 2 2 1 1 1 1 1 2 1
140 30 59 0 
1 1 1 1 1 1 2 1 2 1 1 2 1 2 1 2 2 2 2 1 1 2 1 2 2 2 2 1 1 1 2 2 2 1 2 1 2 2 2 1 1 1 2 2 2 2 1 1 2 1 2 1 2 1 1 1 1 1 2 1
156 42 79 1 
1 1 1 1 1 1 2 2 1 1 1 1 1 2 1 2 2 2 2 2 2 1 2 2 1 1 1 1 2 1 1 1 1 2 1 2 1 2 1 1 1 1 2 1 2 1 1 2 1 1 2 2 1 2 1 1 1 1 1 1
68 6 29 1 
1 1 2 2 1 1 2 1 1 2 1 2 1 2 1 2 2 2 2 2 1 1 1 1 1 2 2 1 2 1 2 2 2 2 2 2 2 2 1 1 1 1 2 2 2 1 2 2 1 1 2 2 1 1 2 1 1 1 1 2
16 1 3 1 
1 1 2 1 1 2 2 1 2 1 2 2 2 2 1 1 2 1 2 1 1 1 1 1 1 2 1 1 2 1 1 2 2 2 2 2 2 1 1 1 1 1 2 2 2 1 1 2 1 1 2 2 1 2 1 1 1 1 2 2
168 70 10 1 
1 1 2 1 2 1 2 2 1 1 2 1 2 1 1 2 1 2 1 2 2 1 2 1 2 2 1 2 1 1 1 2 1 1 1 1 2 1 1 1 2 2 1 2 2 2 1 1 1 1 2 2 2 1 1 2 1 1 2 2
160 13 123 1 
1 1 1 1 1 1 1 2 1 2 2 1 1 1 1 2 1 2 1 2 2 1 2 1 2 1 2 1 1 2 1 1 2 2 2 2 2 2 1 1 1 2 2 2 2 2 1 1 1 1 2 2 1 1 1 1 2 1 2 1
68 6 29 1 
1 1 2 2 1 1 2 1 1 2 1 2 1 2 1 2 2 2 2 2 1 1 1 1 1 2 2 1 2 1 2 2 2 2 2 2 2 2 1 1 1 1 2 2 2 1 2 2 1 1 2 2 1 1 2 1 1 1 1 2
54 42 17 0 
1 1 1 2 2 2 1 2 1 1 1 2 1 2 1 1 2 1 2 1 2 1 2 1 1 1 1 1 2 2 1 1 1 1 1 1 2 2 1 1 2 1 1 2 2 2 1 1 1 1 2 2 1 1 1 1 1 1 1 2
91 40 47 0 
1 1 2 1 1 1 2 2 2 1 2 2 1 2 1 2 2 1 2 2 1 2 1 2 1 1 1 1 2 2 1 1 1 1 2 1 2 1 1 1 1 2 2 1 2 2 2 2 1 1 2 2 2 1 1 1 1 1 1 1
180 93 84 1 
1 1 1 2 1 2 2 2 1 1 1 2 1 2 2 1 2 2 2 2 1 1 1 1 1 1 1 1 2 2 2 1 2 1 2 1 2 2 1 1 2 1 2 2 2 2 2 1 1 1 2 2 1 1 1 1 1 1 1 2
7 1 2 0 
1 1 2 1 1 1 2 2 2 1 2 1 1 2 1 2 2 2 2 2 1 1 1 2 2 2 1 2 2 1 1 2 2 1 2 2 2 2 1 2 1 1 2 2 2 2 1 2 2 1 2 2 2 2 1 1 1 1 1 2
2 0 0 0 
1 1 1 1 2 1 2 2 1 1 1 1 1 2 2 2 2 2 2 2 1 1 1 2 1 2 2 2 1 1 2 2 2 1 2 1 2 1 2 1 1 2 2 1 2 2 2 2 1 1 2 2 1 2 1 2 1 1 1 2
175 19 96 1 
1 1 2 1 2 2 2 1 1 2 2 2 1 1 1 1 2 2 2 2 1 1 1 1 2 2 1 2 2 1 2 1 2 1 2 1 1 1 1 1 1 2 2 2 2 2 1 1 1 1 2 2 1 1 2 1 1 1 1 2
44 5 27 0 
1 1 2 2 1 2 2 1 2 1 2 1 2 2 1 2 1 2 1 1 1 1 1 1 1 2 2 1 1 2 1 2 2 1 2 2 2 2 1 2 1 1 2 2 2 2 1 2 1 1 2 1 1 1 1 1 1 1 2 2
35 15 20 1 
1 1 2 1 1 2 2 2 2 1 2 2 2 1 2 2 1 2 1 2 1 2 1 2 1 1 1 1 1 2 1 1 1 1 1 1 2 1 1 1 1 2 2 1 2 2 1 2 1 1 2 2 2 1 1 1 1 1 2 1
18 1 3 0 
1 1 1 2 1 2 1 2 1 1 2 2 1 2 1 1 2 1 2 1 1 1 1 1 2 1 1 2 2 1 1 2 1 1 2 1 2 1 1 1 1 1 2 2 2 1 1 2 1 1 2 2 1 2 1 1 1 2 2 2
128 93 101 1 
1 1 1 1 1 1 2 2 1 1 1 1 1 2 2 2 2 2 2 2 1 2 1 2 1 2 1 2 1 1 2 2 2 1 2 1 2 2 1 1 2 1 2 2 2 2 1 1 1 2 2 2 1 1 1 1 1 1 1 1
102 13 59 1 
1 1 1 1 1 1 1 2 1 1 2 2 2 2 1 2 1 2 2 2 1 2 1 2 2 2 1 1 2 1 1 2 2 2 1 1 2 2 1 1 1 1 2 2 2 2 1 1 1 1 2 1 2 1 1 1 2 1 2 2
189 74 85 1 
1 1 2 2 2 1 2 1 1 1 1 1 1 1 2 2 2 2 2 2 2 2 2 1 1 1 1 1 1 1 2 2 1 1 1 1 2 2 1 1 1 1 2 2 2 1 1 2 1 1 2 1 2 1 2 1 1 1 2 2
99 40 76 0 
1 1 1 2 1 2 2 2 2 1 2 2 2 2 2 1 2 1 2 1 1 1 1 1 1 1 1 1 1 2 1 1 1 1 2 1 2 2 1 2 1 1 2 2 2 2 2 1 1 1 2 2 2 1 1 2 1 1 2 1
196 15 31 1 
1 1 2 1 2 1 2 1 2 1 2 2 2 1 2 2 2 2 2 2 2 2 2 2 1 1 1 1 2 2 1 1 1 1 1 1 2 2 1 1 1 1 1 2 1 2 2 1 1 2 2 2 2 2 1 2 1 1 2 2
195 22 96 1 
1 1 2 1 2 2 1 2 1 2 1 2 2 2 2 2 2 1 2 2 1 1 1 1 2 2 2 2 1 1 2 1 1 1 1 1 2 1 1 1 1 2 2 2 2 2 1 1 2 1 2 2 1 1 1 1 1 1 2 2
197 63 3 1 
1 1 2 1 2 2 2 1 1 1 2 2 2 2 1 1 2 1 2 1 2 2 2 1 1 1 1 2 2 1 1 2 1 1 1 1 2 2 1 1 1 1 2 2 2 1 1 2 1 1 2 2 1 2 2 1 1 2 2 2
143 23 20 1 
1 1 2 1 2 2 2 2 1 1 2 2 2 1 2 1 2 2 2 2 1 1 1 1 1 1 1 2 2 1 1 2 1 2 1 1 2 2 1 1 1 2 2 1 2 2 1 2 1 1 2 2 1 1 1 1 1 1 1 2
184 116 138 0 
1 1 2 2 2 2 2 2 1 1 2 2 2 1 2 1 2 1 2 1 2 1 2 1 1 1 1 1 2 2 1 1 1 1 1 2 2 1 1 1 1 1 2 2 1 1 1 1 1 1 2 2 2 2 1 1 2 2 2 2
10 1 2 0 
1 1 1 1 1 1 1 2 1 1 2 1 1 1 1 2 2 2 2 2 1 1 1 1 2 2 1 2 2 1 1 2 2 1 1 1 2 1 1 1 1 2 2 2 2 2 1 2 2 1 2 2 2 1 1 2 1 1 2 2
180 93 84 1 
1 1 1 2 1 2 2 2 1 1 1 2 1 2 2 1 2 2 2 2 1 1 1 1 1 1 1 1 2 2 2 1 2 1 2 1 2 2 1 1 2 1 2 2 2 2 2 1 1 1 2 2 1 1 1 1 1 1 1 2
143 23 20 1 
1 1 2 1 2 2 2 2 1 1 2 2 2 1 2 1 2 2 2 2 1 1 1 1 1 1 1 2 2 1 1 2 1 2 1 1 2 2 1 1 1 2 2 1 2 2 1 2 1 1 2 2 1 1 1 1 1 1 1 2
127 102 109 0 
1 1 1 1 1 1 1 2 1 1 2 2 2 2 2 2 1 2 2 2 1 1 1 2 2 1 1 2 2 1 1 2 2 1 1 1 2 1 1 1 1 1 2 2 2 2 1 2 1 1 1 2 1 1 1 1 1 2 2 2
90 45 21 1 
1 1 1 1 1 2 2 2 1 1 1 1 1 2 2 2 2 2 2 2 1 2 1 2 1 1 1 1 2 2 2 1 2 1 2 1 2 2 2 1 1 1 2 2 2 2 1 1 1 2 2 2 1 2 1 2 1 1 1 2
31 1 21 0 
1 1 1 1 1 2 1 2 1 1 2 2 2 1 2 2 2 2 2 2 2 2 2 2 1 1 1 1 2 2 1 1 1 1 1 1 2 2 1 1 1 1 2 2 2 2 1 1 2 2 2 2 2 2 2 2 1 1 1 2
172 55 161 0 
1 1 1 1 1 1 2 2 1 1 1 2 1 2 2 2 2 1 2 1 1 2 2 2 2 1 2 1 1 2 1 1 2 2 2 2 2 2 2 1 1 1 2 2 2 2 1 2 1 1 2 1 2 1 1 1 1 1 1 1
198 152 125 0 
1 1 1 1 1 1 2 2 2 1 2 2 2 1 2 2 2 2 2 2 2 1 2 2 1 2 1 2 1 2 1 2 1 1 1 2 1 2 1 1 2 1 2 2 2 2 2 1 1 2 2 2 1 2 1 1 1 1 2 2
135 25 76 1 
1 1 1 1 1 1 2 2 2 1 2 2 1 2 1 1 1 2 2 2 2 1 1 1 1 1 1 1 1 2 2 2 2 1 2 2 2 2 1 1 1 1 1 2 1 2 2 1 1 1 2 2 2 1 1 2 2 1 2 1
145 90 20 1 
1 1 1 2 1 1 2 1 1 1 1 2 1 1 2 1 2 2 2 2 2 2 2 1 1 1 1 2 2 1 2 2 2 2 2 1 2 2 2 1 1 1 2 1 2 2 1 2 1 1 2 2 1 1 1 1 1 1 2 2
194 142 11 1 
1 1 1 1 2 1 2 1 1 1 2 2 2 1 1 1 2 2 1 1 1 2 1 2 2 2 1 1 2 1 2 1 2 2 2 2 2 1 1 1 2 1 1 2 2 1 1 2 1 1 2 2 1 1 1 1 1 1 2 2
94 13 76 0 
1 1 1 2 2 2 1 2 1 1 2 2 2 2 1 2 2 2 2 2 1 1 1 1 2 1 1 1 1 2 1 2 2 1 2 2 2 2 1 2 1 1 2 2 1 2 2 1 1 1 2 2 2 1 1 2 2 1 2 1
106 90 11 1 
1 1 1 1 2 1 2 1 1 1 1 1 2 2 2 1 2 1 2 1 2 2 2 2 1 2 1 1 2 1 1 1 1 1 1 1 2 1 2 1 1 1 2 2 2 2 1 1 2 1 2 1 1 1 1 1 1 1 1 2
144 143 20 0 
1 1 2 2 2 2 2 2 1 1 2 1 2 1 2 2 2 2 2 2 1 1 1 1 1 1 1 2 2 1 1 2 1 2 1 2 2 1 1 1 1 2 1 2 2 2 2 1 1 1 2 2 1 1 1 1 1 1 2 2
104 83 91 1 
1 1 1 1 2 1 2 2 1 2 2 2 2 2 1 2 1 1 1 2 1 2 1 1 2 1 1 1 2 2 1 1 1 1 2 1 2 1 1 1 1 2 1 1 1 2 2 2 1 1 2 2 2 2 1 1 1 1 1 1
96 1 58 0 
1 1 2 1 1 2 1 2 2 2 2 2 1 2 1 2 2 1 2 2 1 1 1 1 2 2 1 2 2 1 1 1 1 1 1 1 2 1 1 1 1 2 2 2 2 2 1 1 1 1 2 2 1 1 1 1 1 1 2 2
195 22 96 1 
1 1 2 1 2 2 1 2 1 2 1 2 2 2 2 2 2 1 2 2 1 1 1 1 2 2 2 2 1 1 2 1 1 1 1 1 2 1 1 1 1 2 2 2 2 2 1 1 2 1 2 2 1 1 1 1 1 1 2 2
156 42 79 1 
1 1 1 1 1 1 2 2 1 1 1 1 1 2 1 2 2 2 2 2 2 1 2 2 1 1 1 1 2 1 1 1 1 2 1 2 1 2 1 1 1 1 2 1 2 1 1 2 1 1 2 2 1 2 1 1 1 1 1 1
153 122 47 1 
1 1 1 1 1 1 2 2 2 1 2 2 1 2 2 2 2 2 2 2 1 1 2 1 2 2 2 1 1 2 2 1 2 2 1 1 2 1 1 1 2 2 2 1 2 2 2 2 1 1 2 2 1 1 2 1 1 1 2 1
117 49 10 1 
1 1 2 1 2 1 2 1 1 1 1 1 2 1 1 1 1 2 1 2 1 1 1 1 2 2 1 1 1 2 1 1 2 2 2 1 1 2 1 1 1 2 2 2 1 2 1 2 1 1 2 2 1 1 1 2 2 1 2 2
131 100 54 1 
1 1 1 2 2 2 2 2 1 1 1 1 1 2 2 1 2 1 2 1 1 1 1 1 2 1 1 1 2 2 1 1 1 1 1 1 2 2 1 1 1 1 2 2 2 2 2 1 1 1 2 2 2 1 2 1 1 1 1 2
170 74 161 1 
1 1 2 1 1 1 1 2 1 1 1 2 1 2 2 1 2 1 2 1 2 1 2 1 1 2 1 1 2 1 2 1 1 2 1 2 2 2 1 1 1 1 2 2 2 2 2 2 1 1 2 1 2 1 2 1 1 1 2 2
2 0 0 0 
1 1 1 1 2 1 2 2 1 1 1 1 1 2 2 2 2 2 2 2 1 1 1 2 1 2 2 2 1 1 2 2 2 1 2 1 2 1 2 1 1 2 2 1 2 2 2 2 1 1 2 2 1 2 1 2 1 1 1 2
179 146 86 1 
1 1 1 1 2 1 2 1 1 1 1 2 1 1 2 1 2 1 2 1 2 1 2 1 1 2 1 1 2 2 1 1 1 1 1 2 2 1 1 1 1 1 1 2 2 1 1 2 1 1 2 2 1 2 1 1 1 2 1 2
122 66 56 1 
1 1 1 1 1 1 2 2 1 2 2 2 2 1 2 2 2 2 2 2 1 2 2 2 2 1 2 1 1 2 2 1 2 1 2 1 2 2 1 1 2 1 2 2 2 2 2 1 1 2 2 2 1 2 2 2 1 1 1 2
148 133 53 0 
1 1 1 1 2 1 2 2 1 1 1 1 1 1 2 1 2 2 2 2 1 1 1 1 2 1 1 2 2 2 2 2 2 2 2 2 2 1 2 1 1 2 1 1 1 2 2 2 1 1 1 2 1 1 2 1 1 1 1 2
28 15 20 1 
1 1 2 1 2 2 2 1 1 1 2 2 2 1 2 2 2 2 1 2 1 2 1 2 1 1 1 1 1 2 1 1 1 1 1 1 2 2 1 1 1 1 2 2 1 2 2 2 1 1 2 2 2 1 1 1 1 1 2 1
133 19 27 1 
1 1 2 1 1 2 2 2 1 1 2 1 1 2 1 2 2 2 2 2 1 1 2 1 2 2 1 2 2 1 1 2 2 2 2 2 1 2 1 2 1 1 1 1 1 1 2 2 1 1 1 1 1 1 2 1 1 1 1 1
173 83 51 0 
1 1 2 1 2 1 2 2 1 2 2 1 1 1 1 2 1 2 2 2 1 1 1 2 2 2 1 2 1 1 2 2 2 1 2 1 2 2 1 1 1 1 1 2 1 2 2 2 1 1 2 2 1 1 1 1 1 1 1 1
126 116 4 1 
1 1 2 1 2 1 2 2 1 1 2 1 2 1 2 2 2 2 2 2 2 1 2 2 1 2 1 1 2 2 1 1 1 2 1 2 2 2 1 1 1 1 1 2 1 2 2 1 1 1 2 2 2 1 1 1 1 1 2 2
63 23 20 1 
1 1 2 2 2 1 2 1 1 1 2 2 2 1 1 1 2 2 2 2 1 2 2 2 1 1 1 1 2 2 1 1 1 1 1 1 2 2 1 1 1 1 2 2 2 2 1 1 1 1 2 2 1 1 2 1 1 1 2 1
69 40 43 1 
1 1 2 1 1 1 2 1 2 1 2 1 1 1 1 2 2 2 2 2 1 1 1 2 2 2 2 2 1 2 1 1 1 2 2 2 2 2 1 1 1 1 2 2 2 2 1 1 2 1 2 2 2 1 1 1 1 1 2 2
10 1 2 0 
1 1 1 1 1 1 1 2 1 1 2 1 1 1 1 2 2 2 2 2 1 1 1 1 2 2 1 2 2 1 1 2 2 1 1 1 2 1 1 1 1 2 2 2 2 2 1 2 2 1 2 2 2 1 1 2 1 1 2 2
158 23 123 0 
1 1 2 1 2 1 2 2 1 1 2 2 2 1 1 2 2 2 2 2 1 1 2 1 1 1 2 1 1 2 2 1 1 2 2 2 1 2 1 1 1 2 2 2 2 2 1 1 1 1 2 2 1 2 1 1 2 1 2 1
73 49 56 0 
1 1 2 1 2 1 2 2 1 2 1 2 2 1 1 2 1 2 1 2 1 1 1 1 2 1 1 1 1 2 1 1 1 1 1 1 2 2 1 1 1 1 2 2 2 2 2 1 1 2 2 2 1 2 1 1 1 1 2 2
126 116 4 1 
1 1 2 1 2 1 2 2 1 1 2 1 2 1 2 2 2 2 2 2 2 1 2 2 1 2 1 1 2 2 1 1 1 2 1 2 2 2 1 1 1 1 1 2 1 2 2 1 1 1 2 2 2 1 1 1 1 1 2 2
42 6 11 1 
1 1 1 1 1 2 2 1 1 1 1 2 1 1 1 1 2 2 2 2 1 2 1 2 2 1 1 1 2 2 1 1 1 1 1 1 2 1 1 1 2 1 1 2 2 2 2 1 1 1 2 2 1 1 1 1 1 1 1 2
83 25 54 1 
1 1 2 1 2 2 2 2 1 1 2 2 1 2 2 1 2 1 2 1 1 1 1 1 2 1 1 1 1 2 2 1 2 1 2 1 2 2 1 1 1 2 1 1 1 2 2 1 1 1 2 2 2 1 2 1 1 1 1 1
41 6 21 1 
1 1 1 1 1 2 2 2 1 1 1 1 1 2 2 2 2 2 2 2 1 2 1 2 2 2 1 1 2 2 1 1 1 1 2 1 2 2 1 1 2 1 1 2 2 2 2 2 1 1 2 2 1 2 1 2 1 1 1 1
202 49 108 0 
1 1 1 2 2 2 1 1 1 1 1 1 1 1 1 1 2 2 2 2 2 1 1 1 1 2 1 1 2 2 1 1 1 1 1 1 2 2 1 1 1 1 2 2 2 2 2 2 1 1 2 2 1 1 1 1 1 1 2 2
165 160 109 1 
1 1 1 1 1 1 2 2 2 1 1 2 1 1 2 2 2 2 2 2 1 1 1 1 1 1 1 2 2 1 1 2 2 1 2 1 2 1 1 1 2 1 2 2 2 2 1 1 1 1 2 2 1 1 1 1 1 1 1 1
104 83 91 1 
1 1 1 1 2 1 2 2 1 2 2 2 2 2 1 2 1 1 1 2 1 2 1 1 2 1 1 1 2 2 1 1 1 1 2 1 2 1 1 1 1 2 1 1 1 2 2 2 1 1 2 2 2 2 1 1 1 1 1 1
147 116 119 0 
1 1 2 2 2 1 2 1 1 2 2 2 2 1 2 2 2 2 2 2 2 1 2 1 1 2 1 2 2 1 1 2 1 1 1 2 2 2 1 2 1 1 2 1 1 2 2 1 1 2 2 2 2 2 1 1 2 1 2 1
17 1 3 0 
1 1 2 2 1 2 2 2 1 1 2 2 1 2 2 1 2 1 2 1 2 1 2 1 1 1 1 2 2 1 1 2 1 1 1 1 2 2 1 1 1 1 2 1 2 1 1 2 2 1 2 2 1 2 1 1 1 2 2 2
175 19 96 1 
1 1 2 1 2 2 2 1 1 2 2 2 1 1 1 1 2 2 2 2 1 1 1 1 2 2 1 2 2 1 2 1 2 1 2 1 1 1 1 1 1 2 2 2 2 2 1 1 1 1 2 2 1 1 2 1 1 1 1 2
21 1 2 0 
1 1 2 1 1 2 1 2 1 1 2 1 1 2 2 2 2 2 2 2 2 1 2 2 1 2 1 2 2 1 1 2 1 1 1 1 2 1 1 1 1 1 2 1 2 2 1 2 2 1 2 2 2 2 2 2 1 1 2 1
51 34 4 0 
1 1 1 1 1 1 2 2 2 1 1 1 1 1 1 2 2 2 2 2 1 1 1 2 1 2 2 2 1 1 2 2 2 1 2 1 2 1 1 2 2 1 2 2 2 2 2 2 1 1 2 2 1 1 1 1 1 1 1 1
64 40 47 0 
1 1 1 1 1 1 2 2 2 1 2 2 2 2 2 2 2 1 2 1 1 2 1 2 1 1 1 1 2 2 1 1 1 1 1 1 2 1 1 1 1 2 2 1 2 2 1 2 2 1 2 2 2 1 1 1 1 1 1 1
82 28 54 1 
1 1 2 2 2 2 2 1 1 1 2 1 2 1 2 1 2 2 2 2 2 2 1 1 1 1 1 1 2 2 1 1 1 1 1 1 2 2 1 1 1 2 2 1 2 2 2 1 1 1 2 2 1 1 1 1 1 1 1 1
79 46 27 0 
1 1 1 2 1 2 2 2 1 1 1 1 2 2 2 2 2 2 2 2 1 1 2 1 1 2 1 1 1 1 1 2 2 2 2 2 2 2 1 1 1 1 2 1 2 1 2 2 1 1 2 2 1 2 1 1 1 1 1 1
116 15 17 1 
1 1 2 2 2 2 2 2 1 1 2 2 2 1 2 2 2 2 2 2 2 2 2 2 1 1 1 1 2 2 1 1 1 1 1 1 2 2 1 1 1 1 1 2 1 1 2 1 1 2 2 2 2 1 1 1 1 2 2 2
157 137 125 1 
1 1 2 1 2 1 2 2 2 1 2 2 2 1 1 2 2 2 2 2 1 1 1 2 1 2 1 2 1 1 2 1 2 2 1 2 2 2 1 1 1 1 2 2 2 2 2 1 1 1 2 2 1 1 2 1 1 1 2 2
46 41 9 1 
1 1 1 1 1 1 2 1 1 1 1 1 2 2 2 2 2 2 2 2 1 1 1 2 2 1 1 1 2 1 1 1 1 2 2 2 2 1 1 2 2 1 1 2 2 2 2 2 1 2 2 2 1 1 1 1 1 1 1 2
89 41 17 0 
1 1 1 2 2 2 2 2 1 1 1 2 1 2 2 1 2 1 2 1 1 1 1 1 2 1 1 1 2 2 1 1 1 1 2 1 2 2 1 1 1 1 2 2 2 1 2 2 1 2 2 2 1 1 1 1 1 2 1 2
53 6 20 0 
1 1 1 2 1 1 2 1 1 1 1 2 1 1 1 1 2 2 2 2 1 1 1 1 1 1 2 2 1 2 1 2 1 2 1 2 2 1 1 1 2 2 1 1 2 2 2 2 1 1 2 2 1 1 1 1 1 1 1 2
93 37 51 1 
1 1 1 1 1 1 2 2 1 1 1 1 1 1 2 2 2 2 2 2 1 1 1 1 1 2 1 2 2 1 2 2 2 2 2 2 2 2 1 1 2 2 2 2 2 2 1 2 1 1 2 2 1 1 1 1 1 1 1 1
20 1 2 0 
1 1 2 1 1 2 1 2 1 1 2 1 1 1 1 2 2 2 2 2 2 1 2 1 1 1 1 2 2 1 1 2 1 2 1 2 2 1 1 1 1 2 2 1 2 2 1 2 1 1 2 2 1 1 1 1 1 1 2 1
139 15 119 0 
1 1 2 1 1 1 2 1 1 1 2 2 2 1 1 2 1 2 1 2 1 2 1 2 1 2 1 1 2 1 1 2 1 1 1 1 2 2 1 2 1 1 1 1 1 1 2 1 1 1 2 1 2 1 1 1 1 1 1 2
174 60 51 0 
1 1 2 1 2 1 2 2 1 1 2 1 2 1 1 1 2 2 2 2 1 1 2 2 2 2 1 2 2 1 1 2 1 1 1 2 2 2 1 1 1 2 2 2 2 2 1 2 1 1 1 2 2 1 2 1 1 1 2 1
87 80 56 1 
1 1 1 1 1 1 1 2 1 1 2 2 1 2 2 2 2 2 2 2 1 1 1 1 2 1 1 1 2 2 1 1 2 1 2 1 2 2 1 1 1 1 2 2 2 2 1 1 2 2 2 2 1 2 2 2 1 1 2 2
111 37 76 0 
1 1 1 2 1 1 2 1 1 1 2 2 1 1 1 2 1 2 1 2 1 1 1 1 1 1 1 1 2 2 1 2 1 1 2 2 2 2 1 1 1 1 2 2 1 2 2 1 1 1 2 2 1 1 1 2 1 1 1 1
65 14 12 1 
1 1 1 1 1 1 2 2 1 2 1 2 1 2 1 2 2 2 2 2 1 1 1 1 1 2 1 1 2 2 1 1 1 2 1 2 2 2 1 1 2 1 2 2 2 2 2 1 1 1 2 2 2 1 1 1 1 1 1 2
193 68 181 0 
1 1 2 2 1 2 1 2 2 1 2 2 2 1 2 2 2 2 2 1 1 1 1 1 1 1 1 1 1 1 2 2 2 1 2 1 2 2 1 1 1 1 2 2 1 1 2 2 1 1 2 2 1 1 2 1 1 1 1 2
70 16 54 1 
1 1 1 2 2 2 1 2 1 1 2 2 2 2 1 1 1 1 1 1 1 2 1 2 2 1 1 1 1 2 2 1 2 1 2 1 1 2 1 1 1 2 2 1 2 2 1 1 1 1 2 2 2 1 1 1 1 1 2 2
38 6 8 1 
1 1 1 2 1 2 2 2 1 1 1 1 1 2 1 2 2 2 2 2 1 2 1 2 1 2 1 1 2 2 1 1 1 1 1 1 2 2 1 1 1 1 2 2 2 2 1 1 2 1 2 1 1 2 1 2 1 2 1 2
169 135 84 1 
1 1 1 2 1 2 2 2 1 1 2 2 2 2 1 2 1 2 2 2 2 1 1 1 1 1 1 1 1 2 2 1 1 1 2 1 2 2 1 2 1 1 2 2 2 2 1 1 1 1 2 2 1 1 2 1 1 1 1 2
187 82 178 1 
1 1 2 2 2 1 2 2 1 2 1 2 1 2 1 1 2 1 2 1 2 1 1 1 1 1 1 2 2 1 1 2 1 2 1 2 2 1 1 1 1 1 1 2 2 1 2 2 1 1 2 2 1 1 1 1 1 1 1 2
129 35 99 0 
1 1 2 2 1 2 2 2 2 1 2 2 1 2 2 1 1 2 1 1 1 1 1 1 1 1 1 1 1 2 1 1 1 1 1 1 2 2 1 1 2 1 1 2 2 2 1 2 1 1 2 2 1 2 1 1 1 1 1 2
133 19 27 1 
1 1 2 1 1 2 2 2 1 1 2 1 1 2 1 2 2 2 2 2 1 1 2 1 2 2 1 2 2 1 1 2 2 2 2 2 1 2 1 2 1 1 1 1 1 1 2 2 1 1 1 1 1 1 2 1 1 1 1 1
77 13 31 1 
1 1 1 1 1 2 1 2 1 1 2 2 1 1 1 2 2 2 2 2 1 2 1 2 2 1 1 1 2 2 1 1 2 1 2 1 2 2 1 1 1 1 2 2 1 2 2 1 1 2 2 2 2 2 1 2 2 1 2 1
30 14 7 1 
1 1 1 1 1 1 2 2 1 2 1 2 1 1 1 2 2 2 2 2 1 1 1 1 1 2 2 2 1 1 2 2 2 1 2 2 2 2 1 2 1 1 2 2 2 2 1 2 2 1 2 2 2 2 1 1 1 1 1 2
102 13 59 1 
1 1 1 1 1 1 1 2 1 1 2 2 2 2 1 2 1 2 2 2 1 2 1 2 2 2 1 1 2 1 1 2 2 2 1 1 2 2 1 1 1 1 2 2 2 2 1 1 1 1 2 1 2 1 1 1 2 1 2 2
86 39 17 0 
1 1 1 2 1 1 1 2 1 1 1 2 2 1 1 1 1 1 2 1 1 2 1 2 2 1 1 1 2 1 1 2 1 1 2 1 1 2 1 1 1 1 2 2 1 2 1 2 2 1 2 2 2 2 2 1 1 2 2 2
46 41 9 1 
1 1 1 1 1 1 2 1 1 1 1 1 2 2 2 2 2 2 2 2 1 1 1 2 2 1 1 1 2 1 1 1 1 2 2 2 2 1 1 2 2 1 1 2 2 2 2 2 1 2 2 2 1 1 1 1 1 1 1 2
80 13 10 1 
1 1 1 1 1 1 1 1 1 1 2 2 1 1 1 2 1 2 2 2 1 1 1 1 2 2 1 1 2 2 1 1 2 2 2 1 2 2 1 1 1 1 2 2 2 2 1 1 1 2 2 2 1 1 1 2 1 1 1 2
34 14 2 1 
1 1 1 1 1 1 2 2 2 1 1 1 1 1 1 2 2 2 2 2 1 1 1 2 1 2 2 2 1 1 2 2 2 1 2 1 2 1 1 1 2 1 2 2 2 2 2 2 1 1 2 2 1 1 1 2 1 1 1 2
98 63 56 0 
1 1 2 1 2 2 2 2 1 1 2 2 2 2 1 2 2 2 2 2 2 2 2 2 1 1 1 1 2 2 1 1 1 1 1 1 2 2 1 1 1 1 2 2 2 2 1 1 1 2 2 2 1 2 1 1 1 1 1 2
48 35 18 1 
1 1 1 1 1 1 2 1 1 1 2 2 1 1 2 1 2 2 2 2 2 1 2 1 1 2 1 1 2 1 1 2 1 1 1 1 1 1 1 1 2 1 1 2 2 1 2 2 1 1 2 2 1 1 1 1 1 2 1 2
42 6 11 1 
1 1 1 1 1 2 2 1 1 1 1 2 1 1 1 1 2 2 2 2 1 2 1 2 2 1 1 1 2 2 1 1 1 1 1 1 2 1 1 1 2 1 1 2 2 2 2 1 1 1 2 2 1 1 1 1 1 1 1 2
85 78 58 0 
1 1 2 1 2 1 2 1 2 1 2 1 2 1 2 2 2 1 2 1 2 1 2 1 1 1 2 1 1 1 1 2 1 1 1 1 2 1 1 1 1 2 2 2 1 2 2 2 1 1 1 2 1 1 1 1 1 1 2 1
14 1 2 1 
1 1 1 1 1 1 2 2 2 1 2 1 2 1 1 2 2 2 2 2 1 1 1 1 1 1 1 2 2 1 1 2 1 2 1 2 2 2 1 1 1 2 2 2 2 2 1 2 2 1 2 2 2 1 1 2 1 1 1 2
124 114 58 1 
1 1 1 1 1 1 1 1 1 1 2 1 2 1 1 2 2 2 2 2 1 1 1 1 1 2 1 1 1 1 2 1 2 1 2 1 2 1 1 1 2 2 2 1 2 2 2 2 1 1 2 2 1 1 1 2 1 1 2 2
92 14 20 1 
1 1 1 2 1 1 2 1 1 1 2 1 1 1 2 1 2 2 2 2 1 1 1 1 1 1 1 1 2 2 2 1 2 1 2 1 2 2 1 1 2 1 2 2 2 2 1 2 1 1 2 2 2 1 1 1 1 1 1 1
73 49 56 0 
1 1 2 1 2 1 2 2 1 2 1 2 2 1 1 2 1 2 1 2 1 1 1 1 2 1 1 1 1 2 1 1 1 1 1 1 2 2 1 1 1 1 2 2 2 2 2 1 1 2 2 2 1 2 1 1 1 1 2 2
95 72 12 1 
1 1 1 1 2 2 2 2 2 2 2 1 2 1 2 2 1 2 1 2 1 1 1 1 2 2 1 1 2 2 1 1 2 2 2 2 1 2 1 2 2 1 2 2 2 2 2 1 1 1 2 2 2 1 1 1 1 1 2 1
151 55 27 1 
1 1 1 2 1 2 2 2 1 1 1 2 2 2 2 2 2 2 2 2 1 1 2 1 2 1 2 2 1 2 2 1 2 1 2 2 2 2 2 2 1 1 2 2 2 2 2 2 1 1 2 2 1 2 2 1 1 1 2 1
163 131 2 1 
1 1 2 1 2 1 2 2 1 1 1 1 1 2 2 2 2 2 1 2 1 1 1 1 1 1 1 2 2 1 1 2 1 2 1 1 2 2 1 1 1 2 2 1 2 2 2 2 1 1 2 2 1 2 1 2 1 1 2 2
11 1 3 0 
1 1 1 1 1 2 1 1 1 1 2 1 1 2 1 1 2 1 2 1 2 2 2 2 1 2 1 1 2 1 1 1 1 2 1 2 2 1 1 1 1 1 2 2 2 1 1 2 1 1 2 1 1 1 1 1 1 1 2 2
23 1 3 1 
1 1 2 2 1 2 2 2 2 1 2 2 2 2 2 1 2 1 2 1 1 1 2 1 1 1 1 2 2 1 1 2 1 1 1 2 2 1 1 1 1 1 2 2 2 1 1 2 1 1 2 2 1 2 2 1 1 2 1 2
97 37 27 0 
1 1 1 1 1 2 1 2 1 1 2 2 1 2 1 2 1 2 1 2 1 1 1 1 2 1 1 2 2 1 1 2 1 1 2 1 2 2 1 1 1 1 2 1 1 1 2 2 1 1 2 1 1 1 1 1 1 1 2 2
146 63 20 1 
1 1 2 1 2 2 2 2 1 1 2 1 2 1 1 2 2 2 2 2 2 1 2 1 1 1 1 1 2 2 1 1 1 1 1 1 2 2 1 1 1 1 2 1 2 2 1 2 1 1 2 2 1 1 2 1 1 1 2 1
76 52 44 0 
1 1 1 2 1 2 1 2 1 1 2 2 1 2 2 1 2 1 2 1 1 1 1 1 1 1 1 1 2 2 1 2 1 1 1 2 2 2 2 1 1 1 2 2 2 2 1 1 1 1 2 2 1 1 2 1 1 1 1 2
163 131 2 1 
1 1 2 1 2 1 2 2 1 1 1 1 1 2 2 2 2 2 1 2 1 1 1 1 1 1 1 2 2 1 1 2 1 2 1 1 2 2 1 1 1 2 2 1 2 2 2 2 1 1 2 2 1 2 1 2 1 1 2 2
53 6 20 0 
1 1 1 2 1 1 2 1 1 1 1 2 1 1 1 1 2 2 2 2 1 1 1 1 1 1 2 2 1 2 1 2 1 2 1 2 2 1 1 1 2 2 1 1 2 2 2 2 1 1 2 2 1 1 1 1 1 1 1 2
88 6 4 1 
1 1 2 1 1 1 2 1 1 2 1 2 1 2 2 2 2 2 2 2 1 1 1 2 2 2 1 2 2 1 2 1 2 2 2 2 2 2 1 1 2 1 1 2 2 2 1 2 2 1 2 2 1 1 2 1 1 1 1 1
37 6 18 1 
1 1 1 1 1 1 2 1 1 1 1 2 1 1 2 1 2 1 2 1 1 1 1 1 1 2 1 1 2 2 2 1 2 1 2 2 2 2 1 1 2 1 2 2 2 1 1 2 1 1 2 2 1 1 1 1 1 1 1 2
66 34 57 1 
1 1 1 2 1 1 2 2 1 2 1 2 1 2 2 2 2 2 2 2 1 1 2 2 2 1 2 1 1 1 2 2 2 2 2 2 2 1 1 1 2 1 2 2 2 1 2 2 1 1 2 2 1 1 2 2 1 1 1 1
152 121 8 1 
1 1 1 1 2 1 1 2 1 2 2 2 2 2 2 2 2 2 2 2 2 2 2 2 1 2 1 1 2 1 1 1 1 2 1 2 1 1 1 1 2 1 2 2 2 1 2 1 1 1 2 2 1 2 1 2 1 1 2 2
177 82 86 0 
1 1 2 2 2 1 2 2 1 1 1 1 1 1 1 1 2 1 2 2 2 1 1 1 1 2 1 1 2 2 1 1 1 1 1 1 2 2 1 1 1 1 2 2 2 2 2 2 1 1 2 2 1 2 1 2 1 1 1 2
136 116 44 1 
1 1 2 2 2 2 2 1 1 1 2 1 2 2 2 1 2 1 2 1 2 1 2 1 1 2 1 1 2 2 1 2 1 1 1 2 2 2 1 2 1 1 1 2 1 2 2 2 1 1 2 1 2 1 1 1 1 1 2 2
116 15 17 1 
1 1 2 2 2 2 2 2 1 1 2 2 2 1 2 2 2 2 2 2 2 2 2 2 1 1 1 1 2 2 1 1 1 1 1 1 2 2 1 1 1 1 1 2 1 1 2 1 1 2 2 2 2 1 1 1 1 2 2 2
167 100 64 0 
1 1 1 1 2 1 2 2 1 1 1 2 1 2 2 2 2 2 2 1 1 2 1 1 2 1 1 1 2 2 1 1 1 1 2 1 2 2 1 1 1 2 2 1 2 2 2 2 1 1 2 2 2 2 1 1 1 1 1 1
99 40 76 0 
1 1 1 2 1 2 2 2 2 1 2 2 2 2 2 1 2 1 2 1 1 1 1 1 1 1 1 1 1 2 1 1 1 1 2 1 2 2 1 2 1 1 2 2 2 2 2 1 1 1 2 2 2 1 1 2 1 1 2 1
67 49 18 0 
1 1 1 2 2 2 1 1 1 1 1 2 1 1 1 1 2 2 1 1 1 1 1 1 2 1 1 2 1 1 1 2 2 1 1 2 2 2 1 1 1 1 2 2 2 1 1 2 1 1 1 2 1 2 1 1 2 2 2 2
151 55 27 1 
1 1 1 2 1 2 2 2 1 1 1 2 2 2 2 2 2 2 2 2 1 1 2 1 2 1 2 2 1 2 2 1 2 1 2 2 2 2 2 2 1 1 2 2 2 2 2 2 1 1 2 2 1 2 2 1 1 1 2 1
3 0 0 0 
1 1 2 1 2 2 2 1 1 1 2 1 2 2 1 1 1 1 1 1 1 2 1 2 1 2 2 1 1 1 2 1 1 2 1 2 2 1 1 1 1 1 1 2 1 1 2 2 1 1 1 2 1 2 1 1 1 2 2 2
12 1 2 0 
1 1 1 1 1 2 2 2 2 1 2 1 2 1 2 2 2 2 2 2 1 1 1 1 2 1 1 2 2 1 1 2 2 2 2 2 2 2 1 2 1 1 2 2 2 2 1 2 1 1 2 2 1 1 1 1 1 1 1 2
56 40 31 0 
1 1 1 1 1 2 2 2 2 1 2 2 2 1 2 2 2 2 2 2 1 2 1 2 1 1 1 1 2 2 1 1 1 1 1 1 2 2 1 1 1 1 2 2 2 2 1 1 2 2 2 2 2 2 1 2 1 1 2 2
1 0 0 1 
1 1 2 1 1 1 2 1 2 1 2 2 2 1 2 1 2 2 2 2 2 1 2 1 1 2 1 1 2 2 1 1 1 2 1 2 2 2 1 1 1 1 2 2 2 2 1 1 1 2 2 2 1 2 1 2 1 1 2 1
112 16 85 1 
1 1 1 2 2 2 1 2 1 2 2 2 2 2 1 2 1 2 1 2 1 1 1 1 1 1 1 1 2 1 1 2 2 1 2 1 2 2 1 1 1 1 2 2 1 1 2 2 1 1 2 1 2 1 1 1 1 1 2 1
140 30 59 0 
1 1 1 1 1 1 2 1 2 1 1 2 1 2 1 2 2 2 2 1 1 2 1 2 2 2 2 1 1 1 2 2 2 1 2 1 2 2 2 1 1 1 2 2 2 2 1 1 2 1 2 1 2 1 1 1 1 1 2 1
145 90 20 1 
1 1 1 2 1 1 2 1 1 1 1 2 1 1 2 1 2 2 2 2 2 2 2 1 1 1 1 2 2 1 2 2 2 2 2 1 2 2 2 1 1 1 2 1 2 2 1 2 1 1 2 2 1 1 1 1 1 1 2 2
200 131 107 0 
1 1 2 1 2 1 2 1 1 1 1 2 2 1 1 2 1 2 2 2 1 2 1 2 2 1 1 2 2 2 1 1 1 1 1 1 2 2 1 1 1 1 2 2 2 2 2 1 1 1 2 2 2 2 2 1 1 2 2 1
186 133 167 1 
1 1 2 1 1 1 2 2 1 1 2 2 1 2 1 2 2 2 2 1 1 2 2 1 2 1 1 1 2 2 1 1 2 1 2 1 1 2 1 1 1 1 1 1 1 2 2 2 1 1 1 2 1 2 1 1 1 1 1 1
21 1 2 0 
1 1 2 1 1 2 1 2 1 1 2 1 1 2 2 2 2 2 2 2 2 1 2 2 1 2 1 2 2 1 1 2 1 1 1 1 2 1 1 1 1 1 2 1 2 2 1 2 2 1 2 2 2 2 2 2 1 1 2 1
48 35 18 1 
1 1 1 1 1 1 2 1 1 1 2 2 1 1 2 1 2 2 2 2 2 1 2 1 1 2 1 1 2 1 1 2 1 1 1 1 1 1 1 1 2 1 1 2 2 1 2 2 1 1 2 2 1 1 1 1 1 2 1 2
186 133 167 1 
1 1 2 1 1 1 2 2 1 1 2 2 1 2 1 2 2 2 2 1 1 2 2 1 2 1 1 1 2 2 1 1 2 1 2 1 1 2 1 1 1 1 1 1 1 2 2 2 1 1 1 2 1 2 1 1 1 1 1 1
11 1 3 0 
1 1 1 1 1 2 1 1 1 1 2 1 1 2 1 1 2 1 2 1 2 2 2 2 1 2 1 1 2 1 1 1 1 2 1 2 2 1 1 1 1 1 2 2 2 1 1 2 1 1 2 1 1 1 1 1 1 1 2 2
13 1 3 1 
1 1 1 1 1 2 1 1 1 1 2 2 1 2 1 1 2 1 2 1 1 2 1 2 2 2 1 2 2 1 1 2 2 1 2 1 2 2 1 1 1 1 2 2 2 1 1 2 1 1 2 2 1 2 1 1 1 2 1 2
103 55 43 1 
1 1 1 1 1 1 2 2 1 1 1 1 2 1 2 1 2 2 2 2 1 1 2 2 2 2 2 1 2 2 1 1 2 2 2 2 2 2 2 1 1 1 2 2 2 2 2 1 1 1 2 2 2 1 1 1 1 1 1 2
26 15 9 1 
1 1 2 1 2 1 2 2 1 1 2 1 2 1 1 1 2 2 2 2 2 1 2 2 1 1 1 1 1 2 1 1 1 2 1 2 2 2 1 1 1 1 1 2 2 2 1 2 1 2 2 2 2 1 1 1 1 1 2 1
120 34 97 1 
1 1 1 1 1 1 2 1 2 1 1 2 1 2 1 2 2 1 2 1 1 1 1 1 2 2 2 1 1 2 2 1 1 1 1 2 1 2 1 1 2 1 2 2 2 1 2 2 1 1 2 2 1 1 2 1 1 1 1 2
76 52 44 0 
1 1 1 2 1 2 1 2 1 1 2 2 1 2 2 1 2 1 2 1 1 1 1 1 1 1 1 1 2 2 1 2 1 1 1 2 2 2 2 1 1 1 2 2 2 2 1 1 1 1 2 2 1 1 2 1 1 1 1 2
181 28 149 0 
1 1 2 1 2 2 2 1 1 1 2 2 1 2 2 2 2 2 1 1 1 2 1 1 1 2 1 1 1 1 1 2 1 2 1 2 2 1 1 1 1 1 2 2 1 2 2 1 1 1 2 2 2 1 1 1 1 1 1 2
33 16 3 0 
1 1 1 1 2 2 1 1 1 1 2 1 2 2 1 1 2 1 1 1 1 2 1 1 2 1 1 2 1 1 2 2 2 2 2 2 1 1 1 1 1 1 2 2 2 1 1 2 1 1 2 2 1 2 1 1 1 1 2 2
64 40 47 0 
1 1 1 1 1 1 2 2 2 1 2 2 2 2 2 2 2 1 2 1 1 2 1 2 1 1 1 1 2 2 1 1 1 1 1 1 2 1 1 1 1 2 2 1 2 2 1 2 2 1 2 2 2 1 1 1 1 1 1 1
14 1 2 1 
1 1 1 1 1 1 2 2 2 1 2 1 2 1 1 2 2 2 2 2 1 1 1 1 1 1 1 2 2 1 1 2 1 2 1 2 2 2 1 1 1 2 2 2 2 2 1 2 2 1 2 2 2 1 1 2 1 1 1 2
55 26 2 1 
1 1 1 1 1 1 2 2 1 1 1 1 2 1 1 2 2 2 2 2 1 1 2 2 1 2 1 2 2 1 1 2 2 2 2 2 2 2 1 2 1 1 1 2 2 2 1 2 2 1 2 2 1 2 1 2 1 1 1 2
113 70 8 1 
1 1 1 2 2 1 1 2 1 1 2 1 2 2 1 1 1 1 1 1 1 2 1 2 2 2 1 1 1 1 2 1 2 2 2 2 1 1 1 1 2 1 1 2 2 1 1 2 1 1 2 1 1 2 1 1 1 2 2 2
127 102 109 0 
1 1 1 1 1 1 1 2 1 1 2 2 2 2 2 2 1 2 2 2 1 1 1 2 2 1 1 2 2 1 1 2 2 1 1 1 2 1 1 1 1 1 2 2 2 2 1 2 1 1 1 2 1 1 1 1 1 2 2 2
15 1 3 1 
1 1 2 2 1 2 2 2 2 1 2 2 2 2 2 1 2 1 2 1 2 1 2 1 1 1 1 1 2 1 1 1 1 1 1 1 2 2 1 1 1 1 2 1 2 1 1 2 1 1 2 2 1 2 1 1 1 1 1 2
184 116 138 0 
1 1 2 2 2 2 2 2 1 1 2 2 2 1 2 1 2 1 2 1 2 1 2 1 1 1 1 1 2 2 1 1 1 1 1 2 2 1 1 1 1 1 2 2 1 1 1 1 1 1 2 2 2 2 1 1 2 2 2 2
135 25 76 1 
1 1 1 1 1 1 2 2 2 1 2 2 1 2 1 1 1 2 2 2 2 1 1 1 1 1 1 1 1 2 2 2 2 1 2 2 2 2 1 1 1 1 1 2 1 2 2 1 1 1 2 2 2 1 1 2 2 1 2 1
66 34 57 1 
1 1 1 2 1 1 2 2 1 2 1 2 1 2 2 2 2 2 2 2 1 1 2 2 2 1 2 1 1 1 2 2 2 2 2 2 2 1 1 1 2 1 2 2 2 1 2 2 1 1 2 2 1 1 2 2 1 1 1 1
149 15 33 0 
1 1 2 1 2 2 2 1 1 1 2 2 2 2 2 1 2 2 2 1 1 2 1 1 1 2 1 1 2 1 1 2 1 2 1 2 2 1 1 1 1 1 1 2 1 2 2 1 1 1 2 2 2 1 1 1 1 1 2 2
60 38 17 1 
1 1 2 2 2 2 2 2 1 1 1 2 2 2 2 1 2 2 2 2 1 2 2 2 2 1 1 1 2 2 1 1 1 1 1 1 2 2 1 1 1 1 2 1 2 1 1 2 1 1 1 2 2 1 2 1 2 1 2 2
154 40 141 0 
1 1 2 1 1 1 2 1 2 1 2 1 1 1 1 2 2 2 2 2 1 1 1 2 2 1 2 1 1 1 1 2 2 2 1 1 2 1 1 1 1 1 2 2 2 1 2 2 1 1 2 1 2 1 1 1 1 1 1 1
185 155 84 1 
1 1 2 1 1 1 2 1 1 1 2 2 2 2 2 2 1 2 1 2 1 2 1 2 1 1 1 1 2 2 1 1 1 1 2 1 2 2 1 2 1 1 2 2 1 2 2 1 1 1 2 2 2 1 1 1 1 1 2 2
158 23 123 0 
1 1 2 1 2 1 2 2 1 1 2 2 2 1 1 2 2 2 2 2 1 1 2 1 1 1 2 1 1 2 2 1 1 2 2 2 1 2 1 1 1 2 2 2 2 2 1 1 1 1 2 2 1 2 1 1 2 1 2 1
121 28 85 1 
1 1 1 1 2 1 1 1 1 1 2 1 2 1 2 2 2 1 2 2 2 2 2 2 1 1 1 2 2 1 1 2 1 1 1 1 2 1 1 1 1 2 2 2 2 2 2 2 1 1 2 1 1 1 1 1 1 1 2 2
144 143 20 0 
1 1 2 2 2 2 2 2 1 1 2 1 2 1 2 2 2 2 2 2 1 1 1 1 1 1 1 2 2 1 1 2 1 2 1 2 2 1 1 1 1 2 1 2 2 2 2 1 1 1 2 2 1 1 1 1 1 1 2 2
62 6 33 1 
1 1 2 1 1 2 2 1 1 1 2 1 1 2 1 1 2 1 2 1 1 1 1 1 2 1 1 1 1 1 2 2 2 2 2 2 2 1 1 1 2 1 1 2 2 1 1 2 2 1 2 2 1 1 1 1 1 1 1 2
8 1 3 0 
1 1 1 2 1 2 2 2 2 1 2 1 2 2 2 1 2 1 2 1 2 2 2 2 1 2 1 1 2 1 1 1 1 2 1 2 2 1 1 1 1 1 2 2 2 1 1 2 1 1 2 1 2 2 2 1 1 2 2 2
113 70 8 1 
1 1 1 2 2 1 1 2 1 1 2 1 2 2 1 1 1 1 1 1 1 2 1 2 2 2 1 1 1 1 2 1 2 2 2 2 1 1 1 1 2 1 1 2 2 1 1 2 1 1 2 1 1 2 1 1 1 2 2 2
137 24 57 1 
1 1 2 1 1 2 2 1 2 1 2 2 2 2 1 1 2 2 2 1 1 1 1 2 1 1 1 2 2 1 1 2 1 2 1 2 2 1 1 1 1 1 2 2 2 1 2 2 1 1 2 2 2 1 1 2 1 1 2 1
97 37 27 0 
1 1 1 1 1 2 1 2 1 1 2 2 1 2 1 2 1 2 1 2 1 1 1 1 2 1 1 2 2 1 1 2 1 1 2 1 2 2 1 1 1 1 2 1 1 1 2 2 1 1 2 1 1 1 1 1 1 1 2 2
84 63 76 0 
1 1 2 1 2 1 2 1 1 1 2 2 2 2 1 2 2 2 2 2 2 1 2 1 1 1 1 1 2 2 1 1 1 1 1 1 2 2 1 2 1 1 2 2 2 2 1 1 1 1 2 2 1 1 1 2 1 1 2 1
154 40 141 0 
1 1 2 1 1 1 2 1 2 1 2 1 1 1 1 2 2 2 2 2 1 1 1 2 2 1 2 1 1 1 1 2 2 2 1 1 2 1 1 1 1 1 2 2 2 1 2 2 1 1 2 1 2 1 1 1 1 1 1 1
36 6 17 1 
1 1 2 2 1 1 2 2 2 1 2 2 1 2 1 2 2 2 2 2 1 2 1 2 2 1 1 1 2 2 1 1 1 1 1 1 2 2 1 1 1 1 1 2 2 2 2 1 2 1 2 2 1 1 1 1 1 1 1 2
71 48 12 1 
1 1 1 1 1 1 2 2 1 2 2 2 1 2 2 2 2 2 2 2 2 1 1 1 2 1 1 2 1 1 2 2 1 2 1 2 1 2 1 2 1 1 2 2 2 2 2 2 1 1 2 2 1 1 1 1 2 1 2 1
197 63 3 1 
1 1 2 1 2 2 2 1 1 1 2 2 2 2 1 1 2 1 2 1 2 2 2 1 1 1 1 2 2 1 1 2 1 1 1 1 2 2 1 1 1 1 2 2 2 1 1 2 1 1 2 2 1 2 2 1 1 2 2 2
153 122 47 1 
1 1 1 1 1 1 2 2 2 1 2 2 1 2 2 2 2 2 2 2 1 1 2 1 2 2 2 1 1 2 2 1 2 2 1 1 2 1 1 1 2 2 2 1 2 2 2 2 1 1 2 2 1 1 2 1 1 1 2 1
36 6 17 1 
1 1 2 2 1 1 2 2 2 1 2 2 1 2 1 2 2 2 2 2 1 2 1 2 2 1 1 1 2 2 1 1 1 1 1 1 2 2 1 1 1 1 1 2 2 2 2 1 2 1 2 2 1 1 1 1 1 1 1 2
181 28 149 0 
1 1 2 1 2 2 2 1 1 1 2 2 1 2 2 2 2 2 1 1 1 2 1 1 1 2 1 1 1 1 1 2 1 2 1 2 2 1 1 1 1 1 2 2 1 2 2 1 1 1 2 2 2 1 1 1 1 1 1 2
74 63 21 1 
1 1 2 2 2 1 2 1 1 1 2 1 2 1 1 2 2 2 2 2 1 2 2 2 1 1 1 1 2 1 1 2 1 1 1 1 2 2 1 1 1 1 2 2 2 2 1 2 1 1 2 2 1 2 2 2 1 1 2 2
1 0 0 1 
1 1 2 1 1 1 2 1 2 1 2 2 2 1 2 1 2 2 2 2 2 1 2 1 1 2 1 1 2 2 1 1 1 2 1 2 2 2 1 1 1 1 2 2 2 2 1 1 1 2 2 2 1 2 1 2 1 1 2 1
190 113 86 1 
1 1 2 1 1 1 2 1 1 1 1 1 2 2 1 1 1 1 1 2 2 1 2 1 2 2 1 1 1 1 1 2 2 1 2 2 1 1 1 1 2 1 1 2 2 2 1 2 1 1 1 2 2 2 1 2 2 1 2 2
