1
30
L0 L1 L2 L3 L4 L5 L6 L7 L8 L9 L10 L11 L12 L13 L14 L15 L16 L17 L18 L19 L20 L21 L22 L23 L24 L25 L26 L27 L28 L29

1
606
245 187 16 1 
1 2 1 1 2 2 2 2 2 2 2 1 1 1 1 2 2 1 2 2 2 2 2 2 1 1 2 2 1 1 2 1 2 1 2 2 1 1 1 1 2 2 1 2 2 1 1 2 2 1 1 2 2 2 1 1 1 1 2 1
287 125 115 0 
1 2 2 1 2 1 1 1 1 1 1 2 1 1 1 2 2 1 2 1 1 2 2 1 2 2 2 2 2 2 1 1 1 1 2 2 1 1 1 1 2 2 2 2 1 2 2 2 1 1 2 2 1 1 1 2 1 2 2 2
129 38 114 0 
2 2 1 1 2 2 1 1 1 1 1 1 1 1 1 2 2 1 2 2 2 1 2 2 1 2 1 2 2 1 1 1 2 1 2 2 2 1 2 1 2 2 1 2 2 1 1 2 1 1 2 2 2 1 2 1 2 1 2 1
238 153 72 0 
1 1 2 1 2 2 2 1 2 2 1 2 1 1 2 2 1 1 1 2 1 2 1 2 2 2 2 2 1 1 1 1 2 1 2 2 1 1 2 1 2 1 1 2 2 2 2 1 1 2 2 1 1 2 1 2 1 2 1 1
119 26 100 1 
2 1 1 1 2 2 2 2 2 2 1 1 1 1 1 1 2 1 2 1 2 1 1 2 1 2 2 2 1 1 1 2 2 2 2 2 1 2 1 1 2 1 2 2 2 2 1 2 2 1 2 2 2 1 1 2 2 2 2 2
125 84 11 1 
1 1 1 2 2 2 1 1 2 1 2 1 1 1 2 1 1 2 1 2 1 1 2 2 2 2 2 1 2 1 1 1 2 1 2 2 2 1 1 1 2 2 2 2 1 2 2 1 1 2 2 1 1 2 1 2 2 1 2 2
25 21 17 1 
1 1 1 1 2 1 1 2 1 1 1 1 1 2 2 1 1 2 2 2 1 1 1 2 1 2 2 2 2 2 1 2 2 1 2 2 1 1 1 1 2 1 2 1 1 2 2 1 2 2 1 1 1 1 1 2 2 2 1 2
136 29 56 0 
1 1 2 2 2 2 2 2 1 2 1 1 1 1 2 1 2 1 2 1 1 1 2 2 2 2 2 2 2 1 1 1 1 2 2 2 1 1 2 1 2 1 2 2 2 2 1 2 2 1 1 2 1 1 1 2 1 1 1 1
45 35 3 0 
2 1 1 1 2 2 2 2 2 2 1 1 1 1 2 2 1 1 1 1 2 1 2 2 1 2 1 2 1 2 1 1 1 1 2 2 1 1 2 1 2 1 1 2 2 2 1 1 2 2 1 1 2 2 2 2 2 2 2 2
16 2 3 0 
2 1 1 1 2 2 2 1 2 1 1 1 1 1 2 2 1 1 2 2 2 1 2 2 1 2 1 2 1 1 1 1 2 1 2 2 2 1 1 1 2 1 2 2 1 2 2 1 1 2 2 1 2 1 1 1 1 1 1 2
260 243 15 1 
1 2 2 1 2 2 2 1 2 1 1 1 2 2 1 1 2 2 2 2 2 1 2 2 2 2 2 1 2 1 1 1 1 1 2 2 1 1 2 2 2 2 2 1 2 2 2 2 1 2 2 1 1 2 2 1 1 1 1 1
55 28 17 0 
1 2 1 1 2 1 1 2 2 1 2 1 1 2 2 2 1 1 2 2 1 1 2 2 1 2 1 2 1 2 1 2 2 1 2 2 2 1 1 1 2 1 2 1 2 2 2 1 2 2 1 2 2 2 2 1 2 2 1 1
303 91 191 0 
1 1 2 1 2 2 2 2 1 1 1 1 1 2 1 1 2 2 1 1 1 1 1 1 1 1 2 2 2 1 1 2 1 2 2 2 1 1 2 1 2 2 2 1 2 1 1 2 2 2 2 1 2 2 1 2 1 2 1 1
90 28 62 0 
1 2 1 1 2 2 1 1 2 1 2 1 1 1 1 2 2 1 2 2 1 1 2 2 1 2 1 2 1 1 1 1 2 1 2 2 2 1 1 1 2 2 2 2 2 1 2 2 2 1 1 2 2 2 1 1 1 1 1 1
121 35 37 1 
2 1 1 1 2 2 2 1 2 1 1 1 1 2 2 2 1 1 2 1 2 2 1 2 1 1 1 1 1 1 1 1 1 2 2 2 1 2 1 1 1 2 2 2 2 2 1 2 2 1 1 1 1 2 1 2 1 2 2 2
295 36 236 1 
1 2 1 1 2 2 1 2 1 1 1 1 1 2 1 1 2 2 1 2 1 2 1 2 1 1 2 2 2 2 1 1 1 2 2 2 1 1 2 1 2 2 1 2 2 2 2 1 2 2 1 2 2 1 2 2 2 2 2 1
289 14 238 0 
2 1 1 2 2 2 1 2 2 2 2 1 1 1 1 2 2 1 2 1 1 1 1 1 1 2 2 2 2 1 1 1 1 2 2 2 1 1 2 2 2 2 1 1 1 2 2 2 1 1 2 2 2 2 2 2 2 2 2 1
74 31 3 0 
2 1 1 2 2 2 2 2 1 2 1 1 1 2 2 2 1 1 1 1 2 1 1 1 2 2 1 2 1 1 1 2 2 2 2 2 1 1 1 2 1 2 2 1 1 2 1 2 1 2 2 1 1 1 2 1 2 1 2 1
109 103 62 0 
1 2 1 1 2 2 2 1 2 2 2 1 1 2 1 2 1 1 1 2 2 1 1 2 2 2 1 2 2 1 1 1 1 1 2 2 1 1 2 1 2 2 1 2 2 1 1 2 2 1 1 2 2 1 1 1 1 1 2 1
239 153 137 1 
1 1 1 2 2 2 2 1 2 1 1 1 1 2 2 2 1 1 1 2 1 1 1 1 2 2 2 2 1 2 2 2 2 2 2 2 1 1 2 1 2 1 2 1 1 2 2 1 2 2 2 2 1 2 1 1 1 1 1 2
103 13 32 1 
2 1 2 1 2 2 2 2 2 2 2 2 1 1 2 1 1 1 1 1 2 2 1 1 1 2 2 1 1 2 1 1 2 1 2 2 1 1 2 2 2 2 1 2 2 2 1 2 2 1 1 1 2 1 1 1 1 1 2 1
21 2 3 1 
2 1 1 2 2 2 2 1 2 1 1 1 1 1 2 2 1 1 2 2 2 1 2 1 1 1 1 2 1 2 1 1 2 1 2 2 1 1 1 2 2 2 2 1 1 2 2 1 1 2 2 1 1 1 2 1 2 2 1 1
218 88 65 0 
1 2 2 1 2 2 2 1 2 2 1 1 1 2 2 1 1 2 2 2 1 1 2 1 2 1 1 2 1 1 2 2 2 2 2 2 2 1 1 2 2 2 2 1 1 2 2 1 1 2 2 1 2 1 1 1 1 1 1 1
290 66 148 0 
2 2 1 1 2 2 1 1 1 1 1 1 1 1 1 1 1 2 1 1 2 2 1 1 2 2 1 1 1 1 1 1 2 1 2 2 1 2 1 1 1 2 1 2 2 2 1 1 1 2 1 1 2 1 2 1 2 2 1 1
226 49 74 1 
1 2 1 1 2 2 2 2 1 2 1 1 1 2 1 2 1 1 2 1 1 1 1 1 1 2 2 2 2 1 1 2 1 2 2 2 1 1 1 1 2 1 2 2 2 1 2 2 2 2 1 1 2 1 2 1 2 1 2 1
105 54 30 1 
1 2 1 1 2 1 1 1 1 2 1 1 1 1 1 1 2 2 2 1 1 1 2 1 2 1 2 2 1 2 2 1 2 1 2 2 1 1 1 1 1 1 1 1 2 2 2 2 2 2 1 1 1 1 1 1 2 1 2 2
24 22 3 1 
1 1 2 2 2 2 2 2 2 2 1 1 1 2 1 1 1 2 1 1 1 1 2 1 2 1 2 2 1 2 1 2 2 2 2 2 1 1 1 1 1 1 2 1 1 2 2 1 1 2 1 1 2 2 2 2 2 2 1 2
223 20 53 1 
2 1 1 2 2 2 1 2 2 1 1 1 1 2 2 1 1 2 1 2 2 1 2 1 1 2 1 2 1 2 1 1 2 2 2 2 1 1 2 1 1 2 2 2 2 2 1 1 2 2 1 1 2 1 1 1 1 1 1 1
230 66 94 1 
2 1 2 2 1 1 2 2 1 2 1 2 1 1 2 2 2 1 2 1 2 1 2 1 2 1 1 2 1 1 1 1 2 1 2 2 1 1 1 1 1 2 2 2 2 2 2 1 1 2 2 1 2 2 2 2 2 1 1 2
193 28 122 1 
1 2 1 1 2 1 1 2 2 1 2 1 1 2 1 1 2 2 2 2 1 1 2 1 1 2 1 2 1 2 2 1 2 2 2 2 2 1 1 2 2 2 2 1 2 2 2 1 1 2 2 1 2 2 1 2 2 2 1 2
286 60 48 0 
1 1 1 2 2 1 2 2 2 1 1 1 1 2 1 1 2 1 2 2 2 1 2 1 1 2 2 1 1 1 1 2 2 1 2 2 2 1 1 1 1 1 2 2 1 1 2 2 2 2 1 1 1 2 2 1 2 2 2 2
88 75 62 1 
1 2 2 1 2 2 2 1 2 2 1 1 1 2 2 2 2 1 1 2 1 1 2 2 2 2 1 2 1 1 2 2 2 2 2 2 1 2 1 1 1 2 2 2 2 1 1 2 2 1 2 2 1 2 1 1 2 1 1 1
28 20 11 1 
1 1 1 1 2 2 1 1 2 2 1 2 1 1 2 1 1 2 2 2 1 1 2 2 2 1 2 1 1 1 2 1 2 2 2 2 2 2 1 1 2 2 2 2 2 2 2 2 1 2 2 1 2 2 1 2 1 2 1 1
243 163 27 1 
2 1 2 2 2 2 2 1 2 2 2 1 1 2 2 1 1 2 2 2 2 2 2 2 2 1 2 1 2 1 1 1 1 2 2 2 1 1 2 1 2 1 2 2 2 2 2 2 1 2 2 2 2 1 1 2 1 1 1 2
156 97 30 0 
2 1 2 2 2 2 2 2 2 2 1 1 1 1 2 1 1 2 1 1 2 1 1 1 1 1 2 2 2 2 1 1 1 1 2 2 1 1 2 2 1 2 2 1 1 2 2 2 1 2 2 1 2 1 1 1 1 1 1 1
47 4 32 0 
1 2 1 1 2 2 1 2 1 2 1 1 1 1 1 1 2 1 1 1 2 1 1 2 1 2 2 2 2 2 1 1 1 1 2 2 1 1 2 2 2 2 2 2 1 2 2 2 1 1 1 1 2 1 2 1 2 1 2 1
57 34 43 1 
1 2 2 2 2 2 2 2 1 2 1 2 1 1 1 2 2 1 2 1 2 2 2 1 2 2 1 1 1 2 1 2 2 2 2 2 2 1 1 1 2 2 2 2 2 1 2 2 1 2 2 1 2 2 1 2 1 1 2 2
128 67 32 1 
1 2 2 1 2 2 2 2 2 2 1 2 1 1 2 2 2 1 2 1 1 2 1 1 1 2 2 2 2 2 1 1 1 1 2 2 1 1 2 2 2 2 1 2 2 2 1 2 2 1 1 1 2 1 2 1 1 1 2 1
10 2 3 1 
2 1 1 1 2 2 1 1 2 1 1 1 1 2 2 1 1 1 1 1 2 1 1 1 2 1 1 2 1 1 1 2 2 2 2 2 2 1 1 1 2 1 2 2 1 2 2 1 1 2 2 1 1 1 2 1 2 1 1 1
4 2 3 1 
2 1 1 1 2 2 1 1 2 1 1 1 1 2 1 2 2 1 1 1 2 1 1 1 2 1 1 2 1 2 1 1 2 1 2 2 1 1 1 2 2 2 2 1 1 2 2 1 1 2 2 1 2 2 1 2 2 2 2 2
93 14 6 1 
1 1 2 2 2 2 1 2 2 2 1 2 1 1 2 1 2 1 2 1 2 2 2 1 1 2 2 2 2 1 1 2 2 2 2 2 1 2 1 1 2 2 2 2 1 2 2 2 1 1 2 2 2 1 1 2 2 2 1 1
239 153 137 1 
1 1 1 2 2 2 2 1 2 1 1 1 1 2 2 2 1 1 1 2 1 1 1 1 2 2 2 2 1 2 2 2 2 2 2 2 1 1 2 1 2 1 2 1 1 2 2 1 2 2 2 2 1 2 1 1 1 1 1 2
263 226 127 1 
2 1 1 2 2 2 2 2 2 1 1 1 2 2 2 1 1 2 1 2 1 2 1 2 2 1 2 1 2 2 1 2 1 1 2 2 1 1 1 1 2 2 2 2 2 2 2 2 2 2 1 2 2 2 1 1 1 2 1 1
47 4 32 0 
1 2 1 1 2 2 1 2 1 2 1 1 1 1 1 1 2 1 1 1 2 1 1 2 1 2 2 2 2 2 1 1 1 1 2 2 1 1 2 2 2 2 2 2 1 2 2 2 1 1 1 1 2 1 2 1 2 1 2 1
274 125 11 0 
1 1 1 2 2 2 1 1 2 1 1 1 1 1 1 1 1 2 1 2 1 1 2 2 2 2 2 2 2 2 1 1 1 1 2 2 1 1 1 1 2 1 2 2 1 2 1 2 2 1 1 2 2 2 2 1 1 1 2 1
188 86 82 1 
1 1 2 1 2 2 2 1 1 1 1 1 1 2 1 2 2 1 2 1 2 1 1 1 2 1 1 2 1 1 1 1 2 1 2 2 1 1 1 2 2 2 2 2 2 1 2 2 1 2 2 2 2 2 2 1 2 1 2 1
53 29 5 0 
1 1 2 2 2 2 2 2 1 1 1 1 1 2 2 1 2 2 2 2 1 1 2 1 2 2 2 2 2 2 1 1 1 2 2 2 1 1 2 1 2 2 2 2 2 2 1 2 2 1 1 2 1 2 1 1 1 1 1 1
176 21 136 1 
1 1 2 2 2 2 1 2 1 2 1 1 1 1 2 1 1 1 2 1 2 1 2 2 1 2 1 2 1 2 1 1 1 1 2 2 1 1 1 1 2 1 2 2 1 2 2 2 1 1 1 1 1 1 1 1 2 1 1 1
272 263 218 0 
1 2 1 2 2 2 2 2 2 2 1 1 2 1 1 2 2 1 2 2 1 1 2 2 2 2 2 1 2 1 1 2 1 2 2 2 1 1 1 2 2 2 2 1 2 2 2 1 2 2 1 1 2 1 1 1 1 1 1 1
291 7 160 1 
2 2 1 1 1 2 2 1 1 1 1 1 2 1 2 1 2 2 2 2 1 1 2 2 1 2 2 2 1 2 2 2 2 2 2 2 2 1 1 1 1 1 1 1 2 2 2 2 2 1 1 1 2 2 1 1 1 1 1 2
23 2 3 1 
2 1 1 2 2 2 2 2 2 1 1 1 1 2 2 1 1 2 1 2 2 1 1 2 2 2 1 2 1 2 1 1 2 1 2 2 2 1 1 2 2 2 2 2 2 2 2 1 1 2 2 1 1 1 1 1 1 1 1 1
76 29 37 0 
1 1 2 1 2 2 1 1 1 1 1 1 1 2 2 2 1 1 2 1 2 2 2 1 2 2 2 1 1 1 1 1 1 2 2 2 1 1 1 1 1 2 2 2 2 2 1 2 2 1 1 2 1 2 1 1 1 1 1 1
37 4 16 0 
1 1 1 1 2 2 1 1 1 1 1 1 2 1 2 2 1 1 1 2 2 2 1 2 2 1 1 1 1 1 1 1 2 2 2 2 1 2 1 1 2 2 1 2 2 2 2 2 1 1 1 2 2 2 2 1 2 1 2 1
97 13 63 1 
1 2 2 1 2 2 2 1 2 2 1 1 1 1 2 2 1 1 1 1 2 1 1 2 1 2 2 2 2 1 1 1 1 1 2 2 1 1 2 1 2 1 2 2 1 1 2 2 1 1 2 2 2 2 2 1 2 1 2 1
5 2 3 0 
2 1 1 2 2 2 1 2 2 1 1 1 1 2 2 1 1 2 1 2 2 1 1 1 2 1 1 2 1 2 1 1 2 1 2 2 1 1 1 2 2 2 2 2 2 2 2 1 1 2 2 1 2 2 1 2 1 2 2 1
183 29 12 0 
1 2 2 2 2 1 2 2 1 1 1 1 1 2 2 2 2 1 2 1 1 1 2 2 2 2 2 2 1 1 1 2 1 2 2 2 1 1 1 1 1 1 2 1 2 2 1 1 2 2 1 2 1 2 1 1 1 2 1 2
280 133 130 0 
1 1 2 2 2 2 1 1 1 2 1 1 1 1 2 2 1 2 2 1 1 1 2 1 2 2 2 2 1 2 2 1 2 2 2 2 1 2 1 2 2 1 2 2 1 1 2 2 2 2 1 1 1 2 2 2 1 2 2 2
29 23 16 1 
1 1 2 1 2 2 2 1 1 1 1 1 1 1 2 2 2 1 2 2 1 2 2 2 2 2 2 2 2 1 1 1 1 1 2 2 1 1 2 1 2 1 2 2 2 2 1 1 2 2 1 1 1 1 1 1 1 1 1 2
41 22 9 1 
1 1 2 2 2 2 2 2 2 2 2 1 1 1 1 2 2 1 2 1 2 1 2 1 1 1 2 2 1 2 2 2 2 2 2 2 1 1 1 1 1 1 2 2 2 2 1 1 2 2 1 1 2 1 2 1 2 1 1 1
14 2 3 1 
2 1 1 2 2 2 1 1 2 2 2 1 1 1 1 2 2 1 2 1 2 1 2 1 1 1 1 2 1 2 1 1 2 1 2 2 1 1 1 2 2 2 2 1 1 2 2 2 1 2 2 1 2 2 1 2 2 2 1 2
225 39 172 0 
1 1 2 1 2 2 2 1 2 1 1 1 1 1 2 2 1 1 2 1 1 1 1 1 2 1 1 2 1 1 1 1 2 2 2 2 1 2 2 2 1 2 2 1 2 2 1 2 2 2 1 2 2 1 1 1 1 1 1 2
12 1 3 0 
2 1 2 2 1 2 2 2 1 2 1 1 2 2 2 2 1 1 1 1 1 1 2 2 1 2 2 2 2 1 2 2 2 2 2 2 2 1 1 1 1 1 1 2 2 2 1 2 2 2 2 1 2 1 1 1 2 1 2 2
301 83 127 1 
2 1 1 2 2 2 2 2 2 1 1 1 1 1 2 2 2 2 2 2 1 2 2 2 2 1 2 1 1 2 1 1 1 2 2 2 2 1 1 1 2 2 2 2 2 1 1 2 2 1 1 2 1 2 2 1 2 2 1 1
95 39 61 1 
1 2 2 1 2 2 2 2 2 2 1 1 1 1 2 2 2 1 2 1 1 2 1 1 2 2 1 2 1 1 1 1 2 2 2 2 2 2 1 1 2 2 2 2 2 2 1 2 2 1 1 2 2 1 1 2 2 2 1 2
277 26 90 0 
2 1 1 1 2 2 2 1 2 2 1 1 2 1 2 2 1 1 1 2 1 1 2 2 1 1 2 1 1 1 2 1 2 2 2 2 1 2 1 1 1 2 2 2 2 2 2 2 1 2 2 1 1 2 1 1 1 1 1 1
177 118 73 1 
1 2 1 1 2 2 2 1 2 1 2 1 1 1 1 1 1 2 1 1 1 2 1 1 1 2 2 1 1 1 1 1 1 2 2 2 1 1 2 2 2 2 1 2 2 2 1 1 2 1 1 2 2 1 1 2 1 2 2 2
91 52 73 1 
1 2 2 1 2 2 2 1 1 1 1 1 1 1 1 2 2 1 1 2 1 1 1 1 1 2 2 1 2 1 1 1 1 2 2 2 1 1 2 2 2 2 1 2 2 2 1 1 2 1 2 2 2 1 1 2 1 2 1 2
139 86 82 0 
1 2 2 1 2 1 2 1 1 1 1 1 1 2 2 2 2 1 2 1 1 1 2 1 2 1 2 2 1 1 2 1 2 1 2 2 1 1 1 2 2 2 2 2 2 1 2 2 1 1 2 2 2 2 1 1 2 1 2 1
158 28 63 1 
1 2 1 1 2 2 1 1 2 1 2 1 1 1 1 2 1 1 2 2 1 1 2 2 1 2 1 2 1 1 2 1 2 2 2 2 2 1 1 1 2 2 2 2 2 1 2 2 2 1 1 2 2 2 2 1 2 1 1 2
20 2 3 1 
2 1 1 2 2 2 1 2 2 2 1 1 1 2 2 1 1 2 1 2 2 1 2 2 1 2 1 2 1 1 1 2 2 2 2 2 2 1 1 2 2 1 2 2 2 2 2 1 1 2 2 1 2 2 1 1 1 1 2 1
220 10 43 1 
2 2 1 2 2 2 1 2 2 2 1 2 1 1 2 2 1 1 1 1 1 2 1 1 1 2 2 1 1 1 1 1 2 2 2 2 1 1 1 1 1 2 2 2 2 1 1 1 2 2 1 2 1 2 1 1 1 1 1 2
31 2 3 1 
2 1 1 1 2 2 2 1 2 1 2 1 1 1 2 2 1 1 1 1 2 1 1 1 2 1 1 2 1 2 1 1 2 2 2 2 1 1 1 1 2 1 2 2 1 2 2 1 1 2 2 1 1 2 2 2 2 2 2 2
20 2 3 1 
2 1 1 2 2 2 1 2 2 2 1 1 1 2 2 1 1 2 1 2 2 1 2 2 1 2 1 2 1 1 1 2 2 2 2 2 2 1 1 2 2 1 2 2 2 2 2 1 1 2 2 1 2 2 1 1 1 1 2 1
138 86 106 0 
1 2 2 1 2 2 2 1 1 1 1 1 1 2 1 1 2 2 2 2 1 1 2 2 2 2 2 2 1 2 2 1 2 2 2 2 2 1 1 2 2 2 2 1 2 2 2 2 1 2 2 1 2 2 1 2 1 2 2 2
195 89 108 1 
1 1 2 1 2 2 2 2 1 2 1 2 1 1 2 1 1 1 1 1 2 1 1 2 2 1 2 2 1 1 1 1 1 2 2 2 2 1 1 1 2 1 2 2 2 2 1 1 2 2 1 1 1 1 1 1 1 1 2 2
179 2 134 0 
2 1 1 2 2 2 2 1 2 1 1 2 1 1 2 2 1 1 1 2 2 2 1 1 2 1 1 1 1 1 1 1 2 2 2 2 1 1 1 1 2 2 2 2 1 1 2 2 1 1 2 2 2 1 1 2 1 2 1 2
250 24 160 1 
1 2 2 1 2 2 2 1 2 1 1 1 2 1 1 2 2 2 1 2 1 1 2 2 2 2 2 2 2 2 1 1 2 2 2 2 1 1 1 2 1 2 2 1 1 2 2 1 1 2 1 2 2 2 2 1 2 1 2 2
184 46 131 1 
1 1 2 2 2 2 1 2 1 2 1 1 1 1 1 2 2 2 2 2 1 1 2 1 1 1 1 2 2 2 1 1 2 2 2 2 1 1 2 2 2 2 2 2 1 2 2 1 2 1 1 2 2 2 2 1 2 1 1 1
83 29 6 1 
1 2 2 1 2 2 2 2 1 2 1 1 1 1 2 2 1 2 2 2 2 1 2 2 2 2 2 2 1 1 1 2 1 2 2 2 1 2 2 1 2 2 2 2 2 2 1 2 2 2 1 1 1 1 1 2 1 2 1 1
174 4 136 1 
1 1 1 2 2 2 1 2 1 2 1 1 1 1 1 1 1 2 1 2 1 1 1 2 1 2 2 2 2 2 1 1 2 2 2 2 1 1 1 1 2 1 2 2 1 2 2 1 2 1 2 2 2 1 1 2 2 1 2 1
17 1 3 0 
2 1 1 2 1 2 2 2 1 2 1 1 2 2 2 1 1 2 2 2 1 1 2 2 2 2 2 2 2 1 2 1 1 2 2 2 1 1 1 1 1 1 1 1 2 2 1 2 2 2 2 1 2 1 1 2 2 2 1 2
224 176 12 1 
1 2 2 2 2 1 2 2 2 1 1 1 1 2 2 2 1 1 2 1 2 1 2 2 1 2 1 2 2 2 1 2 1 2 2 2 1 2 1 1 1 1 2 2 2 2 2 2 1 2 1 1 1 1 1 1 2 1 1 2
32 23 6 0 
1 2 1 1 2 2 2 2 2 2 1 2 1 1 2 1 1 1 1 1 1 2 2 1 2 2 2 1 2 1 1 1 1 2 2 2 1 1 2 1 2 1 2 2 2 2 2 2 1 1 2 1 1 1 1 1 1 1 1 1
35 13 16 1 
2 2 1 1 2 2 2 2 2 2 1 1 1 1 2 2 1 1 1 2 2 2 1 2 1 1 1 1 1 1 1 1 1 1 2 2 1 1 2 1 2 1 1 2 2 2 1 1 2 2 1 1 2 1 2 1 2 1 2 2
284 245 56 0 
2 1 1 2 2 2 2 2 2 2 1 1 1 1 2 2 1 2 2 2 2 2 2 2 1 2 2 2 1 1 1 1 1 2 2 2 1 1 1 1 2 1 1 2 2 2 2 2 1 1 2 2 2 1 1 2 1 1 2 1
69 50 58 0 
2 1 1 1 2 2 1 2 2 1 1 1 1 1 2 2 1 1 1 1 2 1 1 2 1 1 2 2 2 2 1 1 1 2 2 2 1 1 2 1 2 1 2 1 1 2 2 2 1 2 1 1 2 2 1 2 1 2 2 2
299 117 59 1 
1 2 1 1 2 2 1 1 1 1 1 1 2 1 2 2 1 1 1 2 2 2 2 2 1 2 2 2 1 2 1 1 2 1 2 2 1 2 1 2 1 2 2 1 2 2 2 2 2 2 2 2 2 2 1 1 1 1 2 2
160 54 138 0 
1 2 2 1 2 2 1 1 2 1 1 1 1 1 2 1 2 2 2 2 1 1 2 2 2 2 2 2 2 2 2 1 2 2 2 2 1 1 1 2 1 2 1 1 2 2 1 2 2 1 2 1 2 2 2 1 2 1 2 2
232 14 132 1 
1 1 2 2 2 2 1 2 2 2 2 2 1 1 2 2 1 1 1 2 1 1 1 1 1 2 2 2 2 1 1 1 2 1 2 2 1 1 2 1 2 1 2 1 1 1 2 2 2 2 1 2 2 1 2 2 2 1 2 1
225 39 172 0 
1 1 2 1 2 2 2 1 2 1 1 1 1 1 2 2 1 1 2 1 1 1 1 1 2 1 1 2 1 1 1 1 2 2 2 2 1 2 2 2 1 2 2 1 2 2 1 2 2 2 1 2 2 1 1 1 1 1 1 2
148 111 64 0 
2 2 1 1 2 2 1 1 1 1 1 1 2 1 1 1 2 2 2 1 1 2 2 1 2 2 2 1 2 1 1 1 1 2 2 2 2 1 2 1 2 2 1 2 2 2 1 1 2 2 1 1 1 1 1 1 2 2 1 2
165 149 76 1 
1 1 1 1 2 2 2 1 2 1 1 1 1 1 1 2 1 1 1 2 1 2 1 2 1 2 2 2 1 1 1 1 1 2 2 2 1 1 1 1 1 2 2 2 2 2 1 1 2 1 1 2 2 1 1 1 1 1 2 1
212 101 179 1 
2 2 1 1 1 2 2 2 2 2 1 1 2 1 1 2 2 1 2 2 1 2 2 1 1 1 2 1 1 1 1 1 1 2 2 2 1 1 1 1 1 2 1 2 2 1 2 2 2 1 1 2 2 1 1 1 1 1 2 1
164 110 15 1 
1 1 2 1 2 2 2 1 2 1 1 1 2 2 2 1 2 2 2 2 1 2 1 2 2 1 2 2 1 1 1 1 1 1 2 2 1 1 1 2 1 2 2 1 2 1 1 2 2 2 2 1 2 2 2 2 1 2 2 1
211 161 196 0 
1 1 2 1 2 2 2 2 2 1 1 1 1 1 1 2 1 1 2 1 1 2 2 2 1 2 2 2 1 2 2 2 2 2 2 2 2 1 1 1 2 2 2 2 2 2 2 1 1 2 2 2 2 1 2 2 2 1 1 2
288 224 179 1 
2 1 2 2 1 2 2 1 1 1 1 2 1 1 2 2 1 1 2 1 2 2 2 1 1 2 1 1 2 1 1 1 1 2 2 2 2 1 1 1 1 2 2 2 2 1 2 2 1 1 1 2 1 2 1 1 2 2 1 2
133 22 113 1 
2 1 1 2 2 2 2 1 2 1 1 1 1 1 1 2 2 1 2 2 2 1 2 2 1 2 1 2 1 1 2 1 2 1 2 2 1 1 1 1 1 2 2 2 1 2 2 2 1 2 1 1 1 1 2 1 1 1 2 1
279 75 45 1 
1 2 2 1 2 2 2 2 2 2 1 1 1 1 2 2 1 1 2 1 2 2 2 2 2 1 1 2 2 2 1 1 1 1 2 2 1 1 1 1 1 2 2 1 2 2 2 1 1 2 2 1 1 2 2 2 2 2 1 2
99 39 42 0 
2 2 1 2 2 2 1 2 2 2 1 1 1 2 2 2 1 1 2 2 1 2 1 2 2 2 1 2 1 1 2 2 2 2 2 2 1 2 2 1 1 1 2 1 2 2 2 1 1 2 2 2 2 2 1 1 1 1 2 2
46 24 15 1 
1 2 2 1 2 2 2 1 2 1 1 1 2 1 1 1 2 2 1 2 1 2 1 2 1 1 2 1 2 1 2 1 2 2 2 2 1 1 1 2 1 2 1 2 2 1 1 2 2 1 1 1 2 2 2 2 2 2 1 1
24 22 3 1 
1 1 2 2 2 2 2 2 2 2 1 1 1 2 1 1 1 2 1 1 1 1 2 1 2 1 2 2 1 2 1 2 2 2 2 2 1 1 1 1 1 1 2 1 1 2 2 1 1 2 1 1 2 2 2 2 2 2 1 2
207 149 115 0 
1 2 2 1 2 1 2 2 1 1 2 2 1 1 2 2 1 1 2 1 1 2 1 1 1 2 2 1 1 2 1 1 1 2 2 2 1 1 1 1 1 1 2 2 2 1 1 2 2 2 1 1 1 2 2 2 2 2 2 2
159 117 69 0 
1 2 1 1 2 2 2 1 1 2 1 1 1 1 2 2 1 1 1 1 2 2 1 1 2 1 1 2 1 2 1 1 2 1 2 2 1 1 1 2 1 2 2 2 2 2 2 2 2 2 2 1 2 2 1 1 1 1 2 2
54 25 27 1 
1 1 1 2 2 2 1 1 1 2 1 1 1 1 1 2 2 2 2 1 1 1 2 2 2 2 2 2 2 1 2 2 2 2 2 2 1 1 1 1 1 1 1 2 2 2 1 2 2 2 1 2 1 2 1 2 2 2 1 2
246 169 191 0 
2 1 1 2 2 2 2 1 2 1 1 1 1 2 2 1 1 2 1 1 2 1 2 1 2 1 2 2 1 2 1 2 2 2 2 2 1 1 1 1 2 1 2 2 1 1 1 2 2 1 1 1 2 2 2 1 2 2 2 1
266 111 229 1 
2 2 1 1 2 2 1 1 1 1 1 1 2 1 2 1 1 2 1 2 1 2 2 1 2 1 2 2 2 1 2 1 2 1 2 2 2 1 1 1 2 1 1 2 2 2 1 1 2 2 1 1 1 2 1 2 1 2 2 2
246 169 191 0 
2 1 1 2 2 2 2 1 2 1 1 1 1 2 2 1 1 2 1 1 2 1 2 1 2 1 2 2 1 2 1 2 2 2 2 2 1 1 1 1 2 1 2 2 1 1 1 2 2 1 1 1 2 2 2 1 2 2 2 1
266 111 229 1 
2 2 1 1 2 2 1 1 1 1 1 1 2 1 2 1 1 2 1 2 1 2 2 1 2 1 2 2 2 1 2 1 2 1 2 2 2 1 1 1 2 1 1 2 2 2 1 1 2 2 1 1 1 2 1 2 1 2 2 2
157 140 106 1 
1 2 2 1 2 2 2 1 2 1 1 1 2 1 2 1 1 2 1 2 1 1 1 2 1 2 2 2 2 1 1 2 1 2 2 2 1 1 1 2 1 2 1 2 2 2 1 2 2 2 2 1 1 2 1 1 2 1 2 1
187 41 141 1 
1 1 2 1 2 2 2 1 2 1 2 1 1 1 1 1 2 2 2 2 2 1 2 2 1 2 2 2 1 2 2 2 2 2 2 2 1 2 1 2 1 2 2 1 2 2 1 2 2 2 1 1 2 2 2 1 2 1 1 2
267 28 72 1 
1 1 1 2 2 2 1 2 2 1 2 1 1 1 2 2 2 1 2 2 1 1 2 2 1 2 1 2 1 2 1 2 2 1 2 2 2 1 1 1 2 1 2 2 2 2 2 1 1 2 1 1 2 1 2 1 1 2 1 1
56 22 6 0 
1 2 2 1 2 2 2 2 2 2 1 1 1 1 1 2 1 2 1 2 1 2 2 2 1 2 1 2 1 1 1 1 2 2 2 2 1 1 1 1 1 1 2 2 2 2 2 2 1 1 2 2 1 1 2 2 1 2 1 1
89 34 59 1 
1 2 2 1 2 2 2 1 1 1 1 1 1 2 2 1 1 2 1 2 2 2 1 2 2 2 1 2 1 1 1 1 2 1 2 2 2 2 1 2 2 1 2 2 2 2 1 1 2 2 1 1 2 1 2 1 1 1 2 2
2 0 0 1 
2 2 1 1 2 2 2 1 2 2 2 1 1 1 1 2 2 1 2 1 2 2 2 1 1 2 1 1 1 1 1 1 2 2 2 2 2 1 1 1 2 2 2 2 2 1 2 2 1 1 2 2 2 1 1 2 1 2 2 1
75 29 6 1 
1 1 2 2 2 2 2 2 1 2 1 1 1 1 2 2 1 2 2 1 2 1 2 2 2 2 2 1 2 1 1 2 1 2 2 2 1 2 1 1 1 2 2 2 2 2 1 2 2 1 1 2 1 1 1 2 1 2 1 1
5 2 3 0 
2 1 1 2 2 2 1 2 2 1 1 1 1 2 2 1 1 2 1 2 2 1 1 1 2 1 1 2 1 2 1 1 2 1 2 2 1 1 1 2 2 2 2 2 2 2 2 1 1 2 2 1 2 2 1 2 1 2 2 1
280 133 130 0 
1 1 2 2 2 2 1 1 1 2 1 1 1 1 2 2 1 2 2 1 1 1 2 1 2 2 2 2 1 2 2 1 2 2 2 2 1 2 1 2 2 1 2 2 1 1 2 2 2 2 1 1 1 2 2 2 1 2 2 2
234 168 40 0 
2 2 1 2 2 1 1 2 1 1 1 1 2 2 1 2 1 1 1 1 1 1 1 2 1 1 2 2 1 1 1 1 1 1 2 2 1 1 1 2 2 2 1 1 2 2 2 1 1 2 2 1 2 2 1 1 1 1 1 2
139 86 82 0 
1 2 2 1 2 1 2 1 1 1 1 1 1 2 2 2 2 1 2 1 1 1 2 1 2 1 2 2 1 1 2 1 2 1 2 2 1 1 1 2 2 2 2 2 2 1 2 2 1 1 2 2 2 2 1 1 2 1 2 1
49 36 5 1 
1 1 1 2 2 2 1 2 1 1 1 1 1 1 1 2 2 1 1 2 1 1 1 1 1 1 2 2 2 2 1 1 1 2 2 2 1 1 2 1 2 2 1 2 2 2 2 2 2 1 1 1 2 2 2 2 2 2 2 1
261 237 61 0 
1 1 1 2 2 2 2 2 2 2 1 1 2 2 1 1 2 2 2 1 1 2 2 1 2 2 1 1 1 1 1 1 1 2 2 2 1 2 1 1 2 2 1 2 2 2 2 1 1 2 2 1 2 2 2 1 2 1 1 1
110 7 27 1 
1 1 1 2 1 2 1 2 1 2 1 1 2 2 1 2 2 1 2 2 1 2 1 2 2 1 2 1 1 1 1 1 1 2 2 2 1 1 1 1 1 1 1 2 2 2 1 2 2 2 1 2 2 2 1 2 1 1 1 2
297 273 78 0 
2 1 1 1 2 2 2 1 1 2 1 1 1 2 2 2 1 1 1 1 2 1 2 1 2 2 1 2 2 1 1 2 1 2 2 2 1 2 1 1 2 2 1 2 2 2 1 1 2 2 1 1 2 1 1 2 1 2 1 1
39 20 6 1 
2 1 1 2 2 2 1 2 2 2 1 1 1 1 2 2 1 2 2 2 1 1 2 1 2 2 2 1 1 1 2 1 2 2 2 2 1 2 2 1 1 2 2 2 2 2 1 2 2 1 1 2 2 1 1 2 1 2 2 1
189 66 15 0 
2 2 1 1 2 2 1 1 1 2 1 1 1 1 1 1 2 2 2 2 2 2 2 2 1 2 1 2 1 2 1 1 2 1 2 2 1 1 1 2 1 2 1 1 2 1 1 2 1 1 2 2 2 2 2 1 2 1 1 1
92 46 17 0 
1 2 2 1 2 1 2 2 1 1 1 1 2 2 1 1 2 2 1 2 1 1 2 2 1 2 1 2 1 2 1 2 2 1 2 2 1 1 1 1 1 1 2 1 1 2 2 1 2 2 1 2 2 2 2 1 2 2 1 1
11 2 3 0 
2 1 1 2 2 2 1 1 2 1 2 1 1 1 1 1 2 2 2 2 2 1 2 2 1 2 1 2 1 2 1 1 2 1 2 2 2 1 1 1 2 1 2 2 2 2 2 1 1 2 2 1 2 2 1 2 1 2 2 1
90 28 62 0 
1 2 1 1 2 2 1 1 2 1 2 1 1 1 1 2 2 1 2 2 1 1 2 2 1 2 1 2 1 1 1 1 2 1 2 2 2 1 1 1 2 2 2 2 2 1 2 2 2 1 1 2 2 2 1 1 1 1 1 1
62 20 16 0 
2 2 1 1 2 2 1 1 2 1 1 1 2 1 2 2 1 1 2 2 1 1 2 2 2 2 2 2 1 1 2 1 2 1 2 2 2 1 1 1 2 2 2 2 2 1 2 2 1 1 2 2 2 1 1 1 1 1 1 1
169 22 45 1 
2 1 1 1 2 2 2 2 2 2 1 1 1 1 1 2 1 1 1 1 1 2 2 2 2 1 2 1 1 1 1 1 2 1 2 2 1 1 1 2 2 2 2 1 1 2 2 1 1 2 2 1 1 2 2 2 1 2 2 2
157 140 106 1 
1 2 2 1 2 2 2 1 2 1 1 1 2 1 2 1 1 2 1 2 1 1 1 2 1 2 2 2 2 1 1 2 1 2 2 2 1 1 1 2 1 2 1 2 2 2 1 2 2 2 2 1 1 2 1 1 2 1 2 1
231 87 148 0 
1 2 1 1 2 2 1 1 1 1 1 1 2 2 2 1 1 2 1 1 1 2 1 1 1 2 2 1 2 1 1 1 2 2 2 2 1 1 1 1 1 2 1 1 2 2 1 1 2 2 1 1 2 1 2 1 2 2 2 2
191 46 116 0 
1 1 2 1 2 2 1 2 1 1 1 1 2 1 1 2 2 1 1 1 1 1 2 1 1 1 2 2 2 1 2 1 2 2 2 2 1 1 1 2 1 2 2 1 1 2 2 2 1 2 1 1 2 2 2 1 2 1 1 2
264 21 218 0 
1 1 2 1 2 2 1 1 1 2 1 1 1 2 2 1 1 2 2 2 2 1 1 2 1 2 1 2 2 1 1 2 1 2 2 2 1 2 1 1 2 2 2 1 1 2 2 1 1 2 2 1 1 1 2 1 2 1 1 1
8 1 3 0 
2 1 2 1 1 2 2 1 1 1 1 1 2 2 2 1 1 2 1 1 1 1 2 1 1 1 2 2 2 1 1 1 2 1 2 2 2 1 1 1 1 1 1 2 2 2 2 2 2 2 1 1 2 2 2 2 2 2 1 2
176 21 136 1 
1 1 2 2 2 2 1 2 1 2 1 1 1 1 2 1 1 1 2 1 2 1 2 2 1 2 1 2 1 2 1 1 1 1 2 2 1 1 1 1 2 1 2 2 1 2 2 2 1 1 1 1 1 1 1 1 2 1 1 1
40 7 12 0 
2 2 1 2 1 1 2 2 1 1 1 1 2 2 1 2 2 1 2 1 1 1 2 2 1 2 2 2 1 1 1 2 1 2 2 2 1 1 2 1 2 1 1 1 2 2 1 1 2 2 1 1 2 2 1 1 1 1 1 2
9 1 3 0 
2 1 2 2 1 2 2 2 1 2 1 1 2 1 2 2 1 1 2 1 1 1 1 1 2 1 2 2 2 2 2 1 2 1 2 2 1 1 1 1 1 1 1 2 2 2 2 1 2 2 2 1 2 1 1 1 2 1 2 1
256 57 61 1 
2 2 2 1 2 2 2 2 1 2 1 1 1 1 1 1 2 2 2 2 2 1 2 2 2 2 1 2 1 1 1 1 2 2 2 2 2 1 1 1 2 2 2 2 1 2 2 2 1 1 2 2 2 2 2 2 1 2 2 2
301 83 127 1 
2 1 1 2 2 2 2 2 2 1 1 1 1 1 2 2 2 2 2 2 1 2 2 2 2 1 2 1 1 2 1 1 1 2 2 2 2 1 1 1 2 2 2 2 2 1 1 2 2 1 1 2 1 2 2 1 2 2 1 1
117 101 74 1 
2 1 2 1 1 2 1 2 1 1 1 1 2 1 1 2 2 1 2 1 1 2 2 1 1 2 2 1 1 1 1 1 1 2 2 2 1 1 1 1 1 1 2 2 2 1 2 1 2 1 2 2 2 1 1 2 1 1 2 2
201 165 178 1 
1 2 1 1 2 2 1 2 1 2 1 1 1 1 2 1 1 2 2 2 1 1 2 1 1 1 2 2 1 1 1 1 2 2 2 2 1 1 1 1 2 2 2 2 2 2 1 1 2 2 1 1 2 2 1 2 1 2 2 2
71 10 6 0 
2 2 1 1 2 2 1 2 2 2 1 2 1 1 1 2 1 2 1 2 1 1 1 1 1 2 2 2 1 1 2 1 2 2 2 2 1 1 1 1 1 1 2 2 2 2 1 2 2 2 1 2 1 1 2 1 2 1 1 1
142 60 56 0 
1 2 2 1 2 2 1 2 2 2 1 1 1 1 1 2 2 2 2 2 2 2 2 2 1 2 2 1 2 1 2 1 2 2 2 2 2 1 1 1 1 1 1 2 2 2 1 2 2 1 1 2 2 1 2 2 2 2 2 1
265 79 231 0 
1 1 2 1 2 2 1 1 2 1 1 1 1 2 2 1 1 2 1 1 1 2 1 1 1 1 2 2 2 2 1 1 2 2 2 2 1 1 1 1 2 1 2 1 2 2 1 1 2 2 1 1 2 2 1 2 1 2 1 2
222 29 42 1 
1 1 2 1 2 2 2 1 1 2 1 1 1 2 2 1 2 2 2 2 1 2 2 2 2 1 2 2 2 1 1 2 1 2 2 2 1 2 1 1 1 2 2 1 2 2 1 2 2 1 1 1 1 2 1 1 1 1 1 2
27 14 12 0 
1 1 2 2 2 2 1 2 2 2 1 1 1 2 1 2 2 1 2 1 2 1 2 2 1 2 1 2 1 1 1 2 2 2 2 2 1 1 1 1 2 1 2 2 1 2 2 2 2 2 2 1 2 1 2 1 2 1 2 2
91 52 73 1 
1 2 2 1 2 2 2 1 1 1 1 1 1 1 1 2 2 1 1 2 1 1 1 1 1 2 2 1 2 1 1 1 1 2 2 2 1 1 2 2 2 2 1 2 2 2 1 1 2 1 2 2 2 1 1 2 1 2 1 2
81 31 61 1 
2 2 1 1 2 2 2 2 1 2 1 1 1 1 2 1 1 1 1 2 1 1 1 2 1 2 2 2 1 1 1 1 2 2 2 2 1 1 1 1 2 2 2 2 2 2 2 2 2 2 1 1 2 2 2 2 2 2 2 1
126 118 73 1 
2 2 1 1 2 2 2 1 2 2 2 1 1 1 2 2 1 1 1 2 1 2 1 1 1 1 2 2 1 2 1 1 1 2 2 2 1 1 1 2 2 2 1 2 2 2 1 1 2 1 1 2 2 1 1 2 1 2 2 2
50 4 5 1 
2 1 1 2 2 2 1 1 2 2 1 1 2 1 2 2 1 1 1 1 1 2 1 1 1 1 2 2 2 2 1 1 1 1 2 2 1 1 1 2 2 2 2 2 1 2 2 1 1 2 1 1 2 2 1 1 2 1 2 2
67 39 30 1 
1 1 2 2 2 2 1 2 2 2 1 1 1 2 2 1 2 2 2 2 1 1 2 1 2 1 1 2 1 2 1 1 2 1 2 2 2 1 1 2 2 2 2 1 2 2 2 1 2 2 1 1 2 2 1 2 1 1 1 2
294 121 70 1 
1 1 1 1 2 2 1 2 1 1 1 1 1 1 2 2 1 1 2 1 2 1 1 1 1 1 1 2 1 2 1 1 2 1 2 2 2 1 1 2 2 2 2 2 2 2 1 2 2 1 1 1 1 2 1 2 1 2 2 1
215 169 53 1 
2 1 1 2 2 2 2 2 2 1 1 1 1 2 1 1 1 2 1 2 1 1 2 2 1 2 1 2 1 2 1 1 2 1 2 2 1 1 1 2 2 2 1 2 2 2 2 1 2 2 1 1 2 2 2 1 2 1 2 1
143 23 9 0 
2 2 1 2 2 1 2 2 2 1 1 1 1 2 1 2 2 1 2 1 2 1 1 1 2 1 1 2 1 2 1 2 1 1 2 2 1 1 2 1 2 1 2 1 2 2 1 2 2 2 1 2 1 2 1 1 1 2 1 2
300 168 227 1 
1 2 1 1 1 2 1 1 2 2 1 1 1 1 1 1 1 2 1 1 1 1 1 1 1 1 2 1 1 1 1 1 1 1 2 2 1 1 1 2 2 2 1 1 2 2 1 1 2 2 1 1 2 2 1 1 1 1 2 1
215 169 53 1 
2 1 1 2 2 2 2 2 2 1 1 1 1 2 1 1 1 2 1 2 1 1 2 2 1 2 1 2 1 2 1 1 2 1 2 2 1 1 1 2 2 2 1 2 2 2 2 1 2 2 1 1 2 2 2 1 2 1 2 1
174 4 136 1 
1 1 1 2 2 2 1 2 1 2 1 1 1 1 1 1 1 2 1 2 1 1 1 2 1 2 2 2 2 2 1 1 2 2 2 2 1 1 1 1 2 1 2 2 1 2 2 1 2 1 2 2 2 1 1 2 2 1 2 1
191 46 116 0 
1 1 2 1 2 2 1 2 1 1 1 1 2 1 1 2 2 1 1 1 1 1 2 1 1 1 2 2 2 1 2 1 2 2 2 2 1 1 1 2 1 2 2 1 1 2 2 2 1 2 1 1 2 2 2 1 2 1 1 2
65 10 15 0 
2 1 1 1 2 2 1 1 2 1 1 1 2 2 1 1 1 2 1 2 1 1 1 2 1 2 2 2 1 2 2 1 2 1 2 2 1 1 1 2 2 2 2 1 2 2 1 2 2 1 1 2 1 2 1 2 1 2 1 1
74 31 3 0 
2 1 1 2 2 2 2 2 1 2 1 1 1 2 2 2 1 1 1 1 2 1 1 1 2 2 1 2 1 1 1 2 2 2 2 2 1 1 1 2 1 2 2 1 1 2 1 2 1 2 2 1 1 1 2 1 2 1 2 1
9 1 3 0 
2 1 2 2 1 2 2 2 1 2 1 1 2 1 2 2 1 1 2 1 1 1 1 1 2 1 2 2 2 2 2 1 2 1 2 2 1 1 1 1 1 1 1 2 2 2 2 1 2 2 2 1 2 1 1 1 2 1 2 1
287 125 115 0 
1 2 2 1 2 1 1 1 1 1 1 2 1 1 1 2 2 1 2 1 1 2 2 1 2 2 2 2 2 2 1 1 1 1 2 2 1 1 1 1 2 2 2 2 1 2 2 2 1 1 2 2 1 1 1 2 1 2 2 2
298 133 203 0 
2 1 1 1 2 2 2 1 2 1 1 1 1 2 2 1 1 2 2 1 2 2 2 1 1 2 2 2 1 2 1 1 1 2 2 2 1 1 1 1 2 1 2 2 2 2 2 1 2 2 1 2 1 2 1 2 1 2 2 2
124 13 70 0 
2 1 1 2 2 2 2 2 2 1 2 1 1 1 2 2 1 1 1 1 2 1 1 1 2 1 1 2 1 2 1 1 2 1 2 2 1 1 2 2 2 2 1 2 2 2 1 2 2 1 1 1 2 2 1 2 1 2 2 1
241 24 142 0 
1 1 2 2 2 2 2 1 2 2 1 1 2 1 1 2 2 2 1 2 1 2 1 2 1 2 2 2 2 2 2 2 2 2 2 2 1 2 1 1 1 1 2 2 1 2 2 2 1 1 1 2 2 2 2 2 2 2 1 1
109 103 62 0 
1 2 1 1 2 2 2 1 2 2 2 1 1 2 1 2 1 1 1 2 2 1 1 2 2 2 1 2 2 1 1 1 1 1 2 2 1 1 2 1 2 2 1 2 2 1 1 2 2 1 1 2 2 1 1 1 1 1 2 1
154 7 72 0 
2 1 1 1 1 2 2 2 1 2 1 2 2 1 2 2 1 1 2 2 1 1 1 2 1 2 2 2 2 2 2 2 2 1 2 2 2 1 2 1 2 1 1 1 2 2 1 1 2 2 1 1 2 2 1 1 1 1 1 1
58 10 8 0 
1 1 1 1 2 2 1 2 1 1 1 1 1 2 2 1 1 1 1 1 2 1 1 2 2 1 1 2 1 2 2 1 2 2 2 2 1 2 1 1 1 1 2 1 1 2 2 2 1 2 2 1 1 2 2 2 2 2 1 2
155 121 72 1 
2 1 1 1 2 2 1 1 1 2 1 2 2 1 2 2 1 1 1 2 2 1 1 2 1 2 1 2 1 1 1 1 2 1 2 2 1 1 1 1 1 1 2 1 2 2 1 1 2 2 1 1 1 1 2 1 2 1 2 1
78 52 42 0 
1 1 1 1 2 2 2 1 1 2 1 1 2 2 2 2 1 2 1 2 1 2 1 2 2 2 2 2 2 1 2 2 2 2 2 2 1 2 1 1 1 2 1 2 2 2 1 1 2 2 1 2 1 2 2 1 2 1 1 2
237 222 15 1 
1 1 2 1 2 2 2 1 2 1 1 1 2 2 1 1 2 2 2 2 2 1 2 2 1 2 2 1 1 1 1 1 1 1 2 2 1 1 1 2 1 2 2 1 2 2 2 2 1 1 1 2 2 2 1 2 1 2 2 1
107 4 56 1 
1 2 1 1 2 2 1 2 1 2 1 1 2 1 1 2 2 2 1 2 2 2 1 2 2 2 2 1 2 1 1 1 2 2 2 2 1 1 1 1 2 1 2 2 1 2 1 2 2 1 1 2 2 1 2 2 2 2 2 1
119 26 100 1 
2 1 1 1 2 2 2 2 2 2 1 1 1 1 1 1 2 1 2 1 2 1 1 2 1 2 2 2 1 1 1 2 2 2 2 2 1 2 1 1 2 1 2 2 2 2 1 2 2 1 2 2 2 1 1 2 2 2 2 2
224 176 12 1 
1 2 2 2 2 1 2 2 2 1 1 1 1 2 2 2 1 1 2 1 2 1 2 2 1 2 1 2 2 2 1 2 1 2 2 2 1 2 1 1 1 1 2 2 2 2 2 2 1 2 1 1 1 1 1 1 2 1 1 2
218 88 65 0 
1 2 2 1 2 2 2 1 2 2 1 1 1 2 2 1 1 2 2 2 1 1 2 1 2 1 1 2 1 1 2 2 2 2 2 2 2 1 1 2 2 2 2 1 1 2 2 1 1 2 2 1 2 1 1 1 1 1 1 1
134 31 76 0 
1 1 1 2 2 2 1 1 1 1 2 1 1 1 2 2 1 1 1 2 2 2 1 2 1 2 1 1 1 1 1 1 2 1 2 2 1 1 1 1 2 1 2 2 1 2 2 1 1 2 2 1 1 1 2 1 2 1 2 1
154 7 72 0 
2 1 1 1 1 2 2 2 1 2 1 2 2 1 2 2 1 1 2 2 1 1 1 2 1 2 2 2 2 2 2 2 2 1 2 2 2 1 2 1 2 1 1 1 2 2 1 1 2 2 1 1 2 2 1 1 1 1 1 1
160 54 138 0 
1 2 2 1 2 2 1 1 2 1 1 1 1 1 2 1 2 2 2 2 1 1 2 2 2 2 2 2 2 2 2 1 2 2 2 2 1 1 1 2 1 2 1 1 2 2 1 2 2 1 2 1 2 2 2 1 2 1 2 2
295 36 236 1 
1 2 1 1 2 2 1 2 1 1 1 1 1 2 1 1 2 2 1 2 1 2 1 2 1 1 2 2 2 2 1 1 1 2 2 2 1 1 2 1 2 2 1 2 2 2 2 1 2 2 1 2 2 1 2 2 2 2 2 1
156 97 30 0 
2 1 2 2 2 2 2 2 2 2 1 1 1 1 2 1 1 2 1 1 2 1 1 1 1 1 2 2 2 2 1 1 1 1 2 2 1 1 2 2 1 2 2 1 1 2 2 2 1 2 2 1 2 1 1 1 1 1 1 1
83 29 6 1 
1 2 2 1 2 2 2 2 1 2 1 1 1 1 2 2 1 2 2 2 2 1 2 2 2 2 2 2 1 1 1 2 1 2 2 2 1 2 2 1 2 2 2 2 2 2 1 2 2 2 1 1 1 1 1 2 1 2 1 1
60 18 27 1 
2 1 1 2 2 2 2 1 2 2 1 1 1 1 1 1 2 2 2 2 1 2 2 2 1 1 2 1 2 1 2 1 2 2 2 2 2 1 1 1 1 2 1 2 2 1 1 2 2 2 1 1 2 1 2 2 2 2 2 2
250 24 160 1 
1 2 2 1 2 2 2 1 2 1 1 1 2 1 1 2 2 2 1 2 1 1 2 2 2 2 2 2 2 2 1 1 2 2 2 2 1 1 1 2 1 2 2 1 1 2 2 1 1 2 1 2 2 2 2 1 2 1 2 2
51 13 9 0 
2 2 2 2 2 1 2 2 2 1 1 1 1 2 2 2 1 1 1 1 2 1 1 1 2 1 1 2 1 2 1 1 2 1 2 2 1 1 1 1 2 1 2 2 1 2 2 2 1 2 2 2 2 2 1 1 2 2 2 2
108 103 8 0 
1 2 1 2 2 1 2 2 2 1 2 1 1 2 1 1 1 2 1 1 2 1 1 2 1 1 2 2 1 2 1 1 2 2 2 2 1 2 2 1 2 1 2 1 2 2 1 2 2 2 1 1 1 2 1 2 1 2 2 1
54 25 27 1 
1 1 1 2 2 2 1 1 1 2 1 1 1 1 1 2 2 2 2 1 1 1 2 2 2 2 2 2 2 1 2 2 2 2 2 2 1 1 1 1 1 1 1 2 2 2 1 2 2 2 1 2 1 2 1 2 2 2 1 2
209 36 8 0 
1 1 2 1 2 2 1 1 1 1 1 1 1 2 1 1 2 2 1 1 1 1 1 2 1 1 2 2 2 2 1 1 1 1 2 2 1 2 2 1 2 1 1 2 2 2 2 2 2 2 1 1 1 2 2 2 2 2 2 2
248 215 132 0 
2 1 1 2 2 2 2 2 2 2 1 1 1 1 1 2 1 1 1 1 1 1 2 1 2 2 2 2 1 2 1 1 1 2 2 2 1 1 2 2 2 2 1 1 2 1 1 2 2 1 1 2 2 1 1 2 1 1 1 1
67 39 30 1 
1 1 2 2 2 2 1 2 2 2 1 1 1 2 2 1 2 2 2 2 1 1 2 1 2 1 1 2 1 2 1 1 2 1 2 2 2 1 1 2 2 2 2 1 2 2 2 1 2 2 1 1 2 2 1 2 1 1 1 2
254 20 115 0 
2 1 2 1 2 2 2 1 2 1 1 2 2 1 1 2 2 1 2 1 1 2 2 1 2 2 2 2 1 2 2 1 2 1 2 2 2 1 2 1 2 2 2 2 2 2 2 2 2 2 1 1 2 2 1 2 1 2 2 2
89 34 59 1 
1 2 2 1 2 2 2 1 1 1 1 1 1 2 2 1 1 2 1 2 2 2 1 2 2 2 1 2 1 1 1 1 2 1 2 2 2 2 1 2 2 1 2 2 2 2 1 1 2 2 1 1 2 1 2 1 1 1 2 2
143 23 9 0 
2 2 1 2 2 1 2 2 2 1 1 1 1 2 1 2 2 1 2 1 2 1 1 1 2 1 1 2 1 2 1 2 1 1 2 2 1 1 2 1 2 1 2 1 2 2 1 2 2 2 1 2 1 2 1 1 1 2 1 2
68 36 47 1 
1 2 2 1 2 2 2 2 1 2 1 1 1 1 1 1 1 2 1 1 1 2 1 2 1 1 2 2 2 2 1 1 1 1 2 2 1 1 2 2 2 2 1 2 2 1 2 2 2 1 1 1 1 2 1 2 1 2 2 2
213 120 189 0 
2 2 2 1 2 2 2 1 1 2 1 1 1 1 2 1 1 2 2 2 2 2 2 2 2 2 1 2 1 2 1 1 1 2 2 2 1 1 2 2 2 2 2 1 2 1 1 2 2 1 1 2 2 2 1 1 1 1 2 1
63 2 16 0 
2 1 1 1 2 2 1 1 2 1 1 1 1 1 2 2 1 1 1 2 2 1 2 2 1 2 1 2 1 1 1 1 2 1 2 2 1 1 1 1 2 1 2 2 2 1 2 2 1 1 2 2 2 2 1 1 1 1 1 2
208 26 72 1 
1 1 2 1 2 2 2 1 2 2 1 2 1 1 1 2 2 1 2 2 2 1 1 2 2 2 2 2 1 2 1 2 1 1 2 2 1 1 1 1 2 1 2 2 2 2 2 1 2 2 2 1 2 2 1 2 2 2 2 1
150 7 139 1 
2 1 1 2 2 1 1 1 1 1 1 1 2 2 2 2 1 1 2 2 1 1 2 2 1 2 2 2 1 1 2 2 2 2 2 2 2 1 1 1 1 2 1 2 2 2 1 2 2 1 1 2 2 2 2 1 1 1 2 1
50 4 5 1 
2 1 1 2 2 2 1 1 2 2 1 1 2 1 2 2 1 1 1 1 1 2 1 1 1 1 2 2 2 2 1 1 1 1 2 2 1 1 1 2 2 2 2 2 1 2 2 1 1 2 1 1 2 2 1 1 2 1 2 2
216 60 65 1 
2 2 1 1 2 2 2 1 2 2 1 1 1 2 1 1 2 1 2 1 2 1 2 2 1 1 2 2 2 1 2 1 2 1 2 2 2 1 1 2 1 2 2 2 2 2 1 2 2 1 1 2 2 2 2 2 2 2 2 1
297 273 78 0 
2 1 1 1 2 2 2 1 1 2 1 1 1 2 2 2 1 1 1 1 2 1 2 1 2 2 1 2 2 1 1 2 1 2 2 2 1 2 1 1 2 2 1 2 2 2 1 1 2 2 1 1 2 1 1 2 1 2 1 1
170 86 59 0 
1 2 2 1 2 2 2 1 1 1 1 1 1 1 2 2 1 1 1 2 2 1 1 2 2 2 1 2 1 2 1 1 2 1 2 2 1 1 1 1 2 1 2 2 2 2 2 1 1 2 2 2 2 2 2 1 2 2 2 1
153 93 132 1 
1 2 2 1 2 2 2 2 2 2 1 1 1 1 2 2 2 1 2 1 2 1 1 1 2 2 2 2 1 1 2 1 2 2 2 2 1 1 1 2 2 2 2 1 1 2 2 2 1 2 2 2 1 2 2 1 2 1 1 1
117 101 74 1 
2 1 2 1 1 2 1 2 1 1 1 1 2 1 1 2 2 1 2 1 1 2 2 1 1 2 2 1 1 1 1 1 1 2 2 2 1 1 1 1 1 1 2 2 2 1 2 1 2 1 2 2 2 1 1 2 1 1 2 2
233 163 15 1 
2 1 2 1 2 2 2 1 2 2 1 1 1 1 1 1 1 2 1 2 1 1 1 2 2 1 2 1 2 1 1 1 1 2 2 2 1 2 2 1 2 2 2 1 2 2 2 2 2 1 2 1 2 2 1 2 1 2 2 1
173 155 102 0 
2 2 1 2 2 2 1 1 2 2 2 1 2 2 2 2 1 2 1 2 2 2 1 2 1 2 1 2 1 2 1 1 2 1 2 2 1 2 1 2 1 2 1 1 2 2 1 2 2 2 1 2 1 2 2 1 2 2 2 1
70 49 47 0 
1 1 2 1 2 2 2 2 1 1 1 1 1 1 2 1 1 1 1 1 1 2 1 1 1 1 2 2 2 2 1 1 1 1 2 2 1 1 2 2 2 2 2 2 2 1 2 2 1 1 1 1 2 1 2 2 2 2 2 1
253 60 129 0 
1 2 2 1 2 2 1 1 2 1 1 1 1 1 1 1 2 2 2 2 2 2 2 2 1 1 1 1 1 2 1 1 2 1 2 2 1 1 1 1 2 2 2 2 1 1 2 2 2 1 1 2 2 1 2 1 2 1 2 2
181 81 94 1 
2 1 1 1 2 1 2 1 2 2 1 1 1 1 1 1 1 1 1 1 1 1 2 1 2 1 2 2 1 2 1 1 2 2 2 2 1 1 1 1 2 2 2 2 2 2 2 1 2 2 1 1 2 2 2 2 2 1 1 2
244 228 198 1 
2 2 1 1 2 2 1 1 2 1 1 1 1 1 1 2 1 1 1 2 2 1 2 2 1 2 1 2 1 1 1 2 2 2 2 2 1 1 1 2 1 2 2 2 2 2 2 2 2 1 1 1 2 1 2 1 2 1 1 2
26 23 12 1 
2 1 1 2 2 2 2 2 2 2 1 1 1 2 1 2 2 1 2 1 2 1 1 2 2 1 2 2 1 2 1 2 1 2 2 2 1 1 1 1 2 1 2 1 2 2 2 1 1 2 2 2 1 2 1 1 1 2 1 2
147 23 11 0 
1 2 2 1 2 2 2 1 1 2 1 2 2 1 1 1 2 2 1 2 2 1 1 2 2 2 1 2 1 2 1 1 2 1 2 2 2 2 2 1 2 2 2 2 2 2 2 1 1 2 2 1 1 2 1 2 1 2 1 2
190 20 30 0 
2 1 1 2 2 2 1 2 2 1 1 1 2 2 2 1 2 2 2 1 1 1 2 1 2 1 2 2 1 2 2 1 2 1 2 2 2 1 1 1 2 1 2 1 2 2 2 2 1 2 1 1 2 2 1 1 1 1 2 1
145 81 15 1 
2 2 1 1 2 2 2 1 2 2 1 1 1 2 2 1 1 2 1 2 1 2 1 2 1 2 2 2 1 2 1 1 2 1 2 2 1 1 1 2 2 2 2 1 2 2 2 2 2 1 1 1 2 2 2 2 2 2 1 1
77 33 55 0 
1 1 2 1 1 1 2 2 1 1 1 1 2 2 2 2 1 1 2 2 1 1 1 2 2 1 1 1 1 1 1 1 1 2 2 2 1 2 1 1 1 1 1 1 2 2 2 1 2 2 1 2 2 2 2 1 2 2 2 1
171 105 139 0 
2 2 1 1 1 1 1 1 2 1 1 1 1 1 1 2 2 2 2 1 1 1 1 2 1 2 2 2 2 1 2 2 2 1 2 2 1 1 1 2 1 2 1 2 2 1 2 2 2 1 1 2 1 2 1 1 2 2 2 2
270 195 231 1 
1 1 2 1 2 2 2 1 1 1 2 1 1 2 1 2 1 1 1 1 1 1 2 1 1 1 2 2 1 2 1 1 2 2 2 2 2 1 1 1 1 2 2 1 2 2 1 1 2 2 1 1 1 2 1 2 1 2 2 2
219 120 173 0 
2 2 2 1 2 2 1 1 1 2 1 2 1 2 2 2 1 1 1 1 2 2 2 1 2 2 1 2 1 1 1 1 1 1 2 2 1 2 2 2 2 1 2 1 2 2 2 1 2 2 1 1 1 1 1 2 1 2 2 2
38 13 11 1 
1 2 2 1 2 2 2 1 2 1 1 1 1 1 2 1 1 2 1 2 1 2 1 2 2 1 1 1 2 1 1 1 1 2 2 2 1 2 2 1 2 2 1 2 2 2 1 1 1 1 2 2 2 2 2 1 2 1 2 2
18 1 3 1 
2 1 1 1 1 2 2 2 1 2 1 1 2 1 2 1 1 2 2 2 1 1 2 2 1 2 2 2 2 1 2 2 2 2 2 2 2 1 1 2 1 2 1 1 2 2 1 2 2 2 2 1 2 2 1 2 2 2 1 2
34 2 5 1 
2 1 1 2 2 2 1 2 2 1 1 1 1 1 1 2 2 1 2 1 2 2 2 1 2 2 1 2 1 1 1 1 2 2 2 2 2 1 1 2 2 2 2 2 2 2 2 1 1 2 2 1 2 2 1 2 1 2 2 1
101 34 40 1 
2 2 1 2 2 1 1 2 2 1 1 1 1 2 1 1 2 2 2 2 2 1 2 2 2 1 2 2 1 1 1 1 2 1 2 2 1 1 1 1 2 1 2 1 2 2 2 1 2 2 2 1 2 2 1 1 1 1 2 2
95 39 61 1 
1 2 2 1 2 2 2 2 2 2 1 1 1 1 2 2 2 1 2 1 1 2 1 1 2 2 1 2 1 1 1 1 2 2 2 2 2 2 1 1 2 2 2 2 2 2 1 2 2 1 1 2 2 1 1 2 2 2 1 2
196 84 78 0 
1 1 1 1 2 2 1 2 1 1 1 1 1 2 2 2 1 2 1 2 2 2 1 2 2 2 2 2 2 2 1 2 2 2 2 2 2 1 1 1 2 1 2 1 1 2 2 1 1 2 2 2 1 2 2 2 1 2 2 1
37 4 16 0 
1 1 1 1 2 2 1 1 1 1 1 1 2 1 2 2 1 1 1 2 2 2 1 2 2 1 1 1 1 1 1 1 2 2 2 2 1 2 1 1 2 2 1 2 2 2 2 2 1 1 1 2 2 2 2 1 2 1 2 1
188 86 82 1 
1 1 2 1 2 2 2 1 1 1 1 1 1 2 1 2 2 1 2 1 2 1 1 1 2 1 1 2 1 1 1 1 2 1 2 2 1 1 1 2 2 2 2 2 2 1 2 2 1 2 2 2 2 2 2 1 2 1 2 1
101 34 40 1 
2 2 1 2 2 1 1 2 2 1 1 1 1 2 1 1 2 2 2 2 2 1 2 2 2 1 2 2 1 1 1 1 2 1 2 2 1 1 1 1 2 1 2 1 2 2 2 1 2 2 2 1 2 2 1 1 1 1 2 2
175 28 92 0 
1 2 1 2 2 2 1 2 2 1 2 1 1 2 1 1 2 2 2 2 1 1 2 2 1 2 1 2 1 1 2 1 2 2 2 2 2 1 1 1 2 1 2 1 2 2 2 1 1 2 2 2 2 2 1 2 1 2 1 1
289 14 238 0 
2 1 1 2 2 2 1 2 2 2 2 1 1 1 1 2 2 1 2 1 1 1 1 1 1 2 2 2 2 1 1 1 1 2 2 2 1 1 2 2 2 2 1 1 1 2 2 2 1 1 2 2 2 2 2 2 2 2 2 1
226 49 74 1 
1 2 1 1 2 2 2 2 1 2 1 1 1 2 1 2 1 1 2 1 1 1 1 1 1 2 2 2 2 1 1 2 1 2 2 2 1 1 1 1 2 1 2 2 2 1 2 2 2 2 1 1 2 1 2 1 2 1 2 1
205 28 123 0 
1 1 1 1 2 2 1 1 2 2 1 2 1 1 2 1 2 1 2 1 1 2 2 1 1 2 1 2 1 2 1 1 2 1 2 2 2 1 1 2 2 2 2 2 2 2 2 2 1 1 1 1 2 1 1 1 2 1 1 1
35 13 16 1 
2 2 1 1 2 2 2 2 2 2 1 1 1 1 2 2 1 1 1 2 2 2 1 2 1 1 1 1 1 1 1 1 1 1 2 2 1 1 2 1 2 1 1 2 2 2 1 1 2 2 1 1 2 1 2 1 2 1 2 2
294 121 70 1 
1 1 1 1 2 2 1 2 1 1 1 1 1 1 2 2 1 1 2 1 2 1 1 1 1 1 1 2 1 2 1 1 2 1 2 2 2 1 1 2 2 2 2 2 2 2 1 2 2 1 1 1 1 2 1 2 1 2 2 1
177 118 73 1 
1 2 1 1 2 2 2 1 2 1 2 1 1 1 1 1 1 2 1 1 1 2 1 1 1 2 2 1 1 1 1 1 1 2 2 2 1 1 2 2 2 2 1 2 2 2 1 1 2 1 1 2 2 1 1 2 1 2 2 2
132 13 71 0 
1 2 2 1 2 2 2 2 2 2 1 2 1 1 2 2 1 2 1 2 1 1 1 1 1 2 2 2 2 1 1 1 1 2 2 2 1 1 2 1 2 1 1 2 1 2 2 2 1 2 2 2 2 1 1 2 1 1 2 1
16 2 3 0 
2 1 1 1 2 2 2 1 2 1 1 1 1 1 2 2 1 1 2 2 2 1 2 2 1 2 1 2 1 1 1 1 2 1 2 2 2 1 1 1 2 1 2 2 1 2 2 1 1 2 2 1 2 1 1 1 1 1 1 2
66 46 51 1 
2 2 1 2 2 1 1 2 1 1 1 1 1 1 1 2 2 1 2 1 2 2 2 1 1 2 1 1 1 1 1 1 2 2 2 2 1 1 1 1 1 1 1 2 2 2 1 2 1 1 1 2 2 2 2 1 2 2 1 2
134 31 76 0 
1 1 1 2 2 2 1 1 1 1 2 1 1 1 2 2 1 1 1 2 2 2 1 2 1 2 1 1 1 1 1 1 2 1 2 2 1 1 1 1 2 1 2 2 1 2 2 1 1 2 2 1 1 1 2 1 2 1 2 1
199 87 159 1 
2 1 1 1 2 2 1 1 1 2 2 1 1 1 1 2 2 1 1 1 1 2 1 1 1 1 2 2 2 2 1 1 2 2 2 2 2 1 1 1 1 1 1 2 2 2 2 2 2 2 1 1 2 2 2 1 2 1 2 2
161 93 55 1 
1 1 2 1 2 2 2 1 2 2 1 1 1 2 1 2 1 1 1 2 2 1 2 2 1 1 2 2 1 2 2 2 2 1 2 2 2 2 1 1 2 2 2 2 2 2 2 2 1 2 2 1 2 2 2 1 2 2 1 1
229 216 207 0 
2 1 1 2 2 2 1 2 2 1 1 2 1 1 1 2 2 1 2 1 2 2 2 1 1 1 2 2 1 1 1 1 1 1 2 2 1 1 1 1 1 1 2 2 2 1 1 1 1 2 2 1 2 1 2 2 2 2 2 2
140 26 51 1 
1 2 2 2 2 2 2 2 2 2 1 1 1 2 2 2 1 1 2 1 2 1 1 1 2 1 2 2 1 2 1 1 1 1 2 2 1 1 1 1 1 1 1 2 2 2 1 2 2 2 2 2 1 2 1 1 1 2 1 2
36 4 3 1 
1 1 1 2 2 2 1 2 1 1 1 1 1 1 1 2 2 1 1 1 1 1 1 1 1 1 2 2 2 2 1 1 1 1 2 2 1 1 2 2 2 2 1 1 2 2 1 2 2 2 1 1 2 1 2 1 2 1 2 1
30 7 3 0 
2 1 1 2 1 2 1 2 1 2 1 1 2 1 1 1 2 2 2 1 1 1 1 1 2 1 2 2 2 2 1 1 1 1 2 2 1 1 1 2 1 2 1 1 2 2 2 1 2 2 1 1 2 1 2 1 1 1 2 1
206 149 73 1 
1 1 1 1 2 2 2 1 2 1 1 1 1 1 1 1 1 2 2 1 1 2 2 1 1 1 2 2 1 2 1 1 1 1 2 2 1 1 1 2 2 2 1 2 2 2 1 2 2 1 1 1 2 1 2 2 2 2 2 2
79 50 6 1 
1 1 2 2 2 2 1 2 2 2 1 2 1 1 2 1 1 2 1 2 1 1 1 2 1 2 2 1 2 1 1 1 1 2 2 2 1 1 1 1 2 1 2 2 2 2 1 2 2 2 1 1 2 1 1 1 1 1 2 1
186 2 65 0 
2 2 1 1 2 2 2 1 2 2 2 1 1 2 1 1 2 1 2 1 2 1 2 2 1 1 1 2 1 1 1 2 2 2 2 2 2 1 1 1 2 2 2 1 2 2 2 2 1 2 2 1 1 1 2 1 1 1 2 1
150 7 139 1 
2 1 1 2 2 1 1 1 1 1 1 1 2 2 2 2 1 1 2 2 1 1 2 2 1 2 2 2 1 1 2 2 2 2 2 2 2 1 1 1 1 2 1 2 2 2 1 2 2 1 1 2 2 2 2 1 1 1 2 1
141 18 104 0 
1 1 1 2 2 2 2 1 2 1 1 1 1 1 1 1 2 2 2 1 1 2 2 1 2 2 2 2 2 1 2 1 2 2 2 2 2 2 1 2 2 2 1 1 2 2 2 1 2 2 1 1 2 2 2 1 2 1 2 2
138 86 106 0 
1 2 2 1 2 2 2 1 1 1 1 1 1 2 1 1 2 2 2 2 1 1 2 2 2 2 2 2 1 2 2 1 2 2 2 2 2 1 1 2 2 2 2 1 2 2 2 2 1 2 2 1 2 2 1 2 1 2 2 2
172 31 59 0 
1 1 1 1 2 2 1 1 1 1 1 1 1 2 2 1 1 2 1 2 1 1 1 2 1 2 2 2 1 2 1 1 2 1 2 2 1 2 1 2 2 2 2 1 1 2 2 2 1 2 2 2 1 1 2 1 2 1 2 2
144 67 137 0 
1 1 2 2 2 1 2 2 2 1 1 1 2 2 1 2 2 1 2 2 1 1 2 1 2 2 1 2 1 2 1 2 2 2 2 2 1 1 2 1 2 2 2 1 2 2 2 1 2 2 1 1 2 1 1 1 1 1 1 2
1 0 0 1 
2 2 1 2 1 1 2 2 1 1 1 1 2 2 2 2 1 1 1 2 1 1 2 1 1 2 2 2 2 2 2 1 2 1 2 2 2 1 1 1 1 1 1 1 2 2 1 2 2 2 1 2 2 2 2 1 1 2 2 1
178 126 135 0 
2 2 1 1 2 2 1 2 2 2 1 1 1 1 2 1 1 2 2 2 2 1 1 1 1 1 2 1 1 1 1 1 2 2 2 2 1 1 1 1 2 2 1 2 2 2 1 1 1 2 2 1 1 2 1 2 1 2 2 2
254 20 115 0 
2 1 2 1 2 2 2 1 2 1 1 2 2 1 1 2 2 1 2 1 1 2 2 1 2 2 2 2 1 2 2 1 2 1 2 2 2 1 2 1 2 2 2 2 2 2 2 2 2 2 1 1 2 2 1 2 1 2 2 2
107 4 56 1 
1 2 1 1 2 2 1 2 1 2 1 1 2 1 1 2 2 2 1 2 2 2 1 2 2 2 2 1 2 1 1 1 2 2 2 2 1 1 1 1 2 1 2 2 1 2 1 2 2 1 1 2 2 1 2 2 2 2 2 1
120 57 59 1 
2 2 2 1 2 2 2 1 2 1 2 1 1 1 2 2 1 1 1 2 2 2 2 2 2 2 1 2 1 2 1 1 2 1 2 2 1 1 1 2 2 2 2 2 2 2 2 1 1 2 2 1 2 1 1 1 1 1 2 2
242 168 141 0 
2 1 1 1 2 2 1 1 1 1 1 1 2 1 2 1 1 2 1 2 2 1 2 1 1 2 1 2 1 2 1 2 2 2 2 2 2 2 1 1 2 2 2 1 2 2 2 2 1 2 2 1 2 2 1 2 1 2 1 2
252 118 64 1 
1 2 1 1 1 2 2 1 2 1 2 1 1 1 2 1 1 2 1 2 1 1 1 2 1 2 2 1 1 1 1 1 1 2 2 2 1 2 2 2 2 2 1 2 2 2 1 1 2 2 1 1 2 1 1 1 1 2 2 2
136 29 56 0 
1 1 2 2 2 2 2 2 1 2 1 1 1 1 2 1 2 1 2 1 1 1 2 2 2 2 2 2 2 1 1 1 1 2 2 2 1 1 2 1 2 1 2 2 2 2 1 2 2 1 1 2 1 1 1 2 1 1 1 1
151 88 37 0 
2 1 2 1 2 2 1 1 2 1 1 1 2 1 2 2 1 1 2 2 1 2 2 2 2 1 2 1 1 1 2 1 2 2 2 2 1 2 1 1 2 2 2 1 2 2 1 2 2 1 2 2 1 2 1 1 1 2 1 2
118 103 94 1 
2 1 1 1 2 1 2 1 2 2 2 1 1 1 2 1 1 1 1 1 2 1 1 1 1 1 2 2 1 1 1 1 1 1 2 2 1 1 2 1 2 2 1 1 2 2 1 2 2 2 1 1 2 2 1 2 1 1 2 2
288 224 179 1 
2 1 2 2 1 2 2 1 1 1 1 2 1 1 2 2 1 1 2 1 2 2 2 1 1 2 1 1 2 1 1 1 1 2 2 2 2 1 1 1 1 2 2 2 2 1 2 2 1 1 1 2 1 2 1 1 2 2 1 2
112 60 74 0 
2 1 2 1 2 2 1 2 2 2 1 1 1 1 1 2 2 1 2 1 2 2 2 1 1 2 2 1 2 1 1 2 2 2 2 2 1 1 1 1 2 1 2 2 1 1 1 1 2 1 1 1 1 1 2 1 2 1 2 2
212 101 179 1 
2 2 1 1 1 2 2 2 2 2 1 1 2 1 1 2 2 1 2 2 1 2 2 1 1 1 2 1 1 1 1 1 1 2 2 2 1 1 1 1 1 2 1 2 2 1 2 2 2 1 1 2 2 1 1 1 1 1 2 1
247 128 61 1 
2 1 1 2 2 2 2 2 2 2 1 1 1 2 2 1 2 2 2 2 1 1 1 2 1 2 2 2 2 1 1 1 1 2 2 2 1 2 2 1 2 2 1 2 2 2 1 2 2 1 1 2 2 2 2 2 1 2 2 1
185 87 48 1 
1 2 1 2 2 1 1 2 1 1 1 1 2 2 1 1 2 2 1 2 1 1 1 1 1 2 2 1 2 2 1 2 2 1 2 2 2 1 1 1 1 1 1 1 2 1 2 2 2 2 1 1 2 1 2 1 2 2 1 2
273 120 154 1 
2 2 1 1 2 1 1 2 1 1 1 1 1 2 2 2 1 1 1 2 2 1 2 1 2 1 1 2 2 2 1 2 1 1 2 2 1 1 1 1 2 2 2 1 2 2 2 1 2 2 1 1 1 2 1 1 1 1 2 1
130 24 102 0 
1 1 2 2 2 2 2 1 2 2 1 1 2 1 1 2 2 2 1 1 1 1 1 1 1 2 2 2 1 2 1 1 2 1 2 2 1 2 1 2 1 2 2 2 1 2 1 2 2 2 1 1 2 2 2 2 2 2 2 2
72 29 55 0 
1 1 2 1 2 2 2 1 1 2 1 2 1 1 2 2 1 1 2 2 2 1 2 2 2 2 2 2 1 2 1 2 1 1 2 2 1 1 1 1 1 1 2 1 2 2 1 1 2 2 1 1 1 2 1 2 1 2 1 1
227 161 143 0 
1 2 1 1 2 2 1 2 2 2 1 1 1 1 1 1 1 2 1 1 2 1 2 1 1 1 2 1 1 1 2 1 2 1 2 2 2 1 1 2 2 2 2 1 2 2 2 1 2 2 1 1 2 2 1 1 2 1 1 1
69 50 58 0 
2 1 1 1 2 2 1 2 2 1 1 1 1 1 2 2 1 1 1 1 2 1 1 2 1 1 2 2 2 2 1 1 1 2 2 2 1 1 2 1 2 1 2 1 1 2 2 2 1 2 1 1 2 2 1 2 1 2 2 2
245 187 16 1 
1 2 1 1 2 2 2 2 2 2 2 1 1 1 1 2 2 1 2 2 2 2 2 2 1 1 2 2 1 1 2 1 2 1 2 2 1 1 1 1 2 2 1 2 2 1 1 2 2 1 1 2 2 2 1 1 1 1 2 1
93 14 6 1 
1 1 2 2 2 2 1 2 2 2 1 2 1 1 2 1 2 1 2 1 2 2 2 1 1 2 2 2 2 1 1 2 2 2 2 2 1 2 1 1 2 2 2 2 1 2 2 2 1 1 2 2 2 1 1 2 2 2 1 1
200 22 63 0 
2 2 2 1 2 2 2 1 2 2 1 1 1 1 1 2 2 1 2 1 2 2 2 2 1 1 1 1 1 1 1 1 2 2 2 2 1 1 1 1 2 1 2 2 1 1 1 2 2 1 1 2 2 2 2 1 2 1 2 2
193 28 122 1 
1 2 1 1 2 1 1 2 2 1 2 1 1 2 1 1 2 2 2 2 1 1 2 1 1 2 1 2 1 2 2 1 2 2 2 2 2 1 1 2 2 2 2 1 2 2 2 1 1 2 2 1 2 2 1 2 2 2 1 2
77 33 55 0 
1 1 2 1 1 1 2 2 1 1 1 1 2 2 2 2 1 1 2 2 1 1 1 2 2 1 1 1 1 1 1 1 1 2 2 2 1 2 1 1 1 1 1 1 2 2 2 1 2 2 1 2 2 2 2 1 2 2 2 1
52 36 9 1 
1 1 1 2 2 2 1 2 1 1 1 1 1 2 1 2 2 1 1 1 1 1 1 1 1 2 2 2 2 2 1 2 1 2 2 2 1 1 2 1 2 1 1 1 2 2 1 1 2 2 1 2 1 2 2 1 2 1 2 1
30 7 3 0 
2 1 1 2 1 2 1 2 1 2 1 1 2 1 1 1 2 2 2 1 1 1 1 1 2 1 2 2 2 2 1 1 1 1 2 2 1 1 1 2 1 2 1 1 2 2 2 1 2 2 1 1 2 1 2 1 1 1 2 1
179 2 134 0 
2 1 1 2 2 2 2 1 2 1 1 2 1 1 2 2 1 1 1 2 2 2 1 1 2 1 1 1 1 1 1 1 2 2 2 2 1 1 1 1 2 2 2 2 1 1 2 2 1 1 2 2 2 1 1 2 1 2 1 2
59 29 15 0 
1 2 1 1 2 2 1 1 1 1 1 1 1 2 2 1 1 2 2 2 2 1 2 2 2 2 2 2 1 2 1 1 1 1 2 2 1 2 1 2 1 2 2 1 2 2 1 2 2 2 1 2 1 2 1 1 1 2 2 1
240 49 11 0 
1 1 2 2 2 2 2 1 1 1 1 1 1 1 1 1 1 2 2 2 1 2 1 2 1 1 2 2 2 1 1 1 1 2 2 2 1 2 2 1 2 2 2 2 2 2 2 1 2 1 1 2 2 2 2 1 2 2 2 1
276 119 179 0 
1 1 1 1 2 2 2 2 2 2 1 2 1 1 1 2 2 1 2 1 2 2 1 1 1 2 2 1 1 1 2 1 2 2 2 2 2 1 1 1 1 2 2 2 2 1 2 2 2 1 2 2 2 1 1 2 2 2 2 1
84 2 58 1 
2 1 1 1 2 2 2 1 2 1 2 1 1 1 2 1 1 1 1 1 2 1 1 2 2 1 1 2 1 2 1 1 2 2 2 2 2 2 1 1 2 1 2 1 1 2 2 2 1 1 2 2 1 1 1 2 1 2 2 2
261 237 61 0 
1 1 1 2 2 2 2 2 2 2 1 1 2 2 1 1 2 2 2 1 1 2 2 1 2 2 1 1 1 1 1 1 1 2 2 2 1 2 1 1 2 2 1 2 2 2 2 1 1 2 2 1 2 2 2 1 2 1 1 1
230 66 94 1 
2 1 2 2 1 1 2 2 1 2 1 2 1 1 2 2 2 1 2 1 2 1 2 1 2 1 1 2 1 1 1 1 2 1 2 2 1 1 1 1 1 2 2 2 2 2 2 1 1 2 2 1 2 2 2 2 2 1 1 2
259 46 73 0 
2 1 1 1 2 2 1 1 1 1 1 1 1 1 1 1 2 1 1 2 2 2 2 1 1 1 2 2 2 2 2 1 2 1 2 2 1 1 1 2 1 2 1 2 2 2 1 2 2 1 1 2 2 1 2 2 2 2 1 2
282 169 189 1 
1 2 1 1 2 2 2 1 2 1 1 1 1 1 2 1 1 2 1 2 1 2 2 2 2 1 2 1 1 1 1 1 2 2 2 2 1 1 2 1 2 1 1 1 2 2 1 1 2 1 1 2 2 2 2 2 1 2 2 1
182 44 143 0 
2 2 1 2 1 1 2 2 1 2 1 1 2 1 2 1 1 2 2 1 1 1 2 1 2 1 2 1 2 1 2 1 2 1 2 2 2 1 1 1 1 1 2 1 2 2 1 2 2 2 1 2 2 2 2 1 1 2 1 2
275 263 236 1 
2 1 1 2 2 2 2 2 2 1 1 1 2 2 1 2 1 1 2 2 2 1 2 2 1 1 1 2 2 2 2 1 1 1 2 2 1 1 1 2 2 2 2 2 2 2 2 2 2 1 1 2 2 1 1 2 1 2 1 1
8 1 3 0 
2 1 2 1 1 2 2 1 1 1 1 1 2 2 2 1 1 2 1 1 1 1 2 1 1 1 2 2 2 1 1 1 2 1 2 2 2 1 1 1 1 1 1 2 2 2 2 2 2 2 1 1 2 2 2 2 2 2 1 2
22 2 3 1 
2 1 1 2 2 2 2 2 2 2 2 1 1 1 1 1 2 1 2 1 2 1 2 2 1 2 1 2 1 1 1 2 2 2 2 2 1 1 1 1 2 1 2 2 1 2 2 1 1 2 2 1 1 2 2 2 1 2 2 1
19 2 3 1 
2 1 1 2 2 2 1 2 2 2 1 1 1 2 1 1 2 2 2 2 2 1 2 2 2 2 1 2 1 1 1 2 2 2 2 2 1 1 1 1 2 1 2 2 1 2 2 1 1 2 2 1 2 1 1 1 1 1 2 1
271 98 92 1 
1 1 1 2 2 1 2 2 2 1 2 1 1 2 1 1 2 2 2 2 1 1 2 2 2 2 2 2 2 2 1 1 1 1 2 2 1 1 1 1 1 1 2 2 2 1 2 2 1 2 1 1 1 2 1 1 1 2 1 1
62 20 16 0 
2 2 1 1 2 2 1 1 2 1 1 1 2 1 2 2 1 1 2 2 1 1 2 2 2 2 2 2 1 1 2 1 2 1 2 2 2 1 1 1 2 2 2 2 2 1 2 2 1 1 2 2 2 1 1 1 1 1 1 1
268 220 246 0 
2 2 2 1 2 2 2 2 2 2 2 1 1 1 2 1 1 2 1 1 2 1 1 1 2 1 1 2 1 1 1 1 2 2 2 2 1 1 1 1 2 1 2 2 1 1 1 2 2 2 1 1 1 2 1 2 1 2 1 2
73 39 47 0 
2 1 1 1 2 2 1 1 2 1 1 1 1 1 2 1 1 2 2 1 1 2 1 1 2 1 1 2 1 2 1 1 2 1 2 2 1 1 2 2 2 2 2 2 2 2 1 2 1 1 2 1 1 1 2 1 2 1 2 2
86 20 5 1 
1 1 2 2 2 2 2 2 2 1 1 1 1 1 1 2 2 1 2 1 1 2 2 1 2 2 2 1 1 1 2 1 2 2 2 2 2 1 1 1 1 2 2 2 2 2 2 2 1 1 2 2 2 2 1 2 1 2 2 2
258 18 92 1 
2 1 1 1 1 1 2 2 1 1 1 1 2 2 2 1 1 2 2 2 1 1 2 2 1 2 2 2 2 2 2 2 2 1 2 2 2 1 1 1 1 1 1 1 2 2 1 1 2 2 1 2 2 2 1 2 2 2 1 1
162 31 69 1 
2 1 1 1 2 2 1 2 1 1 1 1 1 1 2 2 1 1 1 1 1 1 1 2 2 1 1 2 1 2 1 1 2 2 2 2 1 1 1 2 2 2 2 2 1 1 1 2 2 1 1 1 2 2 2 1 2 1 2 2
123 103 62 0 
1 2 1 1 2 2 2 1 2 1 2 1 1 2 1 2 1 1 1 2 2 1 1 2 1 2 1 2 2 1 1 2 1 2 2 2 1 2 2 1 2 2 2 2 2 2 2 2 1 1 1 2 1 2 1 1 1 1 1 1
58 10 8 0 
1 1 1 1 2 2 1 2 1 1 1 1 1 2 2 1 1 1 1 1 2 1 1 2 2 1 1 2 1 2 2 1 2 2 2 2 1 2 1 1 1 1 2 1 1 2 2 2 1 2 2 1 1 2 2 2 2 2 1 2
27 14 12 0 
1 1 2 2 2 2 1 2 2 2 1 1 1 2 1 2 2 1 2 1 2 1 2 2 1 2 1 2 1 1 1 2 2 2 2 2 1 1 1 1 2 1 2 2 1 2 2 2 2 2 2 1 2 1 2 1 2 1 2 2
182 44 143 0 
2 2 1 2 1 1 2 2 1 2 1 1 2 1 2 1 1 2 2 1 1 1 2 1 2 1 2 1 2 1 2 1 2 1 2 2 2 1 1 1 1 1 2 1 2 2 1 2 2 2 1 2 2 2 2 1 1 2 1 2
104 7 64 0 
1 2 2 1 2 2 1 1 1 1 1 1 2 1 1 1 2 2 2 1 1 2 1 1 2 2 2 1 1 1 1 1 2 2 2 2 2 2 2 1 2 2 1 1 2 2 2 1 2 2 1 1 2 2 2 1 1 1 2 2
203 107 59 0 
1 2 1 1 2 2 2 1 1 1 1 1 2 1 1 1 2 2 1 2 2 1 1 2 2 2 1 2 2 2 1 1 2 1 2 2 1 1 1 1 1 1 2 2 2 2 2 1 1 2 2 2 1 2 2 1 2 1 2 2
85 29 15 1 
1 2 1 1 2 2 1 1 1 2 1 1 1 2 2 1 2 2 2 2 1 2 2 2 2 1 2 1 2 1 1 1 1 2 2 2 1 2 1 1 1 2 2 2 2 1 1 2 2 1 1 2 1 2 1 1 1 1 1 1
98 79 47 1 
1 1 2 1 2 2 2 2 2 2 2 1 1 1 1 1 2 1 2 1 1 1 2 2 2 2 1 2 1 2 1 1 2 1 2 2 1 1 1 2 1 2 2 2 2 2 1 2 2 1 1 1 2 1 1 1 1 1 2 1
41 22 9 1 
1 1 2 2 2 2 2 2 2 2 2 1 1 1 1 2 2 1 2 1 2 1 2 1 1 1 2 2 1 2 2 2 2 2 2 2 1 1 1 1 1 1 2 2 2 2 1 1 2 2 1 1 2 1 2 1 2 1 1 1
170 86 59 0 
1 2 2 1 2 2 2 1 1 1 1 1 1 1 2 2 1 1 1 2 2 1 1 2 2 2 1 2 1 2 1 1 2 1 2 2 1 1 1 1 2 1 2 2 2 2 2 1 1 2 2 2 2 2 2 1 2 2 2 1
127 93 92 0 
1 1 2 2 2 2 2 2 2 1 1 1 1 2 2 1 2 2 2 2 2 1 2 2 1 1 2 1 2 2 1 2 2 1 2 2 1 1 1 1 2 1 2 2 2 1 2 2 1 2 2 2 2 2 1 2 2 2 1 1
144 67 137 0 
1 1 2 2 2 1 2 2 2 1 1 1 2 2 1 2 2 1 2 2 1 1 2 1 2 2 1 2 1 2 1 2 2 2 2 2 1 1 2 1 2 2 2 1 2 2 2 1 2 2 1 1 2 1 1 1 1 1 1 2
61 23 5 0 
2 1 1 2 2 2 2 2 2 1 1 1 2 1 1 2 2 1 2 1 1 2 2 1 2 2 2 1 1 1 1 1 2 2 2 2 2 1 1 1 2 2 2 2 2 2 2 1 1 2 2 1 1 2 1 2 1 2 1 2
248 215 132 0 
2 1 1 2 2 2 2 2 2 2 1 1 1 1 1 2 1 1 1 1 1 1 2 1 2 2 2 2 1 2 1 1 1 2 2 2 1 1 2 2 2 2 1 1 2 1 1 2 2 1 1 2 2 1 1 2 1 1 1 1
141 18 104 0 
1 1 1 2 2 2 2 1 2 1 1 1 1 1 1 1 2 2 2 1 1 2 2 1 2 2 2 2 2 1 2 1 2 2 2 2 2 2 1 2 2 2 1 1 2 2 2 1 2 2 1 1 2 2 2 1 2 1 2 2
111 52 59 1 
1 2 2 1 2 2 2 1 1 1 1 1 2 2 2 1 1 2 1 2 1 1 1 2 2 2 2 2 2 2 2 1 2 1 2 2 1 2 1 2 1 2 1 1 2 2 1 1 2 2 1 1 1 1 2 1 2 1 1 2
249 149 171 1 
1 2 2 1 2 1 2 1 1 2 2 1 1 1 2 1 1 2 2 2 1 1 2 1 2 1 2 2 1 1 1 2 1 1 2 2 1 1 1 1 2 1 1 1 2 1 1 2 2 1 1 2 2 2 1 1 1 2 2 2
53 29 5 0 
1 1 2 2 2 2 2 2 1 1 1 1 1 2 2 1 2 2 2 2 1 1 2 1 2 2 2 2 2 2 1 1 1 2 2 2 1 1 2 1 2 2 2 2 2 2 1 2 2 1 1 2 1 2 1 1 1 1 1 1
1 0 0 1 
2 2 1 2 1 1 2 2 1 1 1 1 2 2 2 2 1 1 1 2 1 1 2 1 1 2 2 2 2 2 2 1 2 1 2 2 2 1 1 1 1 1 1 1 2 2 1 2 2 2 1 2 2 2 2 1 1 2 2 1
152 86 27 0 
1 1 2 2 2 2 2 2 2 2 1 1 1 2 2 2 1 1 1 1 2 1 1 2 2 2 2 2 1 1 2 2 2 2 2 2 2 1 1 1 1 2 2 2 2 1 2 2 1 2 2 2 2 2 2 2 1 1 2 2
97 13 63 1 
1 2 2 1 2 2 2 1 2 2 1 1 1 1 2 2 1 1 1 1 2 1 1 2 1 2 2 2 2 1 1 1 1 1 2 2 1 1 2 1 2 1 2 2 1 1 2 2 1 1 2 2 2 2 2 1 2 1 2 1
21 2 3 1 
2 1 1 2 2 2 2 1 2 1 1 1 1 1 2 2 1 1 2 2 2 1 2 1 1 1 1 2 1 2 1 1 2 1 2 2 1 1 1 2 2 2 2 1 1 2 2 1 1 2 2 1 1 1 2 1 2 2 1 1
286 60 48 0 
1 1 1 2 2 1 2 2 2 1 1 1 1 2 1 1 2 1 2 2 2 1 2 1 1 2 2 1 1 1 1 2 2 1 2 2 2 1 1 1 1 1 2 2 1 1 2 2 2 2 1 1 1 2 2 1 2 2 2 2
267 28 72 1 
1 1 1 2 2 2 1 2 2 1 2 1 1 1 2 2 2 1 2 2 1 1 2 2 1 2 1 2 1 2 1 2 2 1 2 2 2 1 1 1 2 1 2 2 2 2 2 1 1 2 1 1 2 1 2 1 1 2 1 1
87 31 8 1 
2 1 1 1 2 2 1 1 1 1 2 1 1 2 2 1 1 2 1 1 1 1 1 1 1 1 2 2 2 1 1 1 2 2 2 2 1 2 1 1 1 1 2 1 2 2 1 2 2 2 1 1 2 2 2 2 2 2 2 1
114 35 62 0 
2 2 1 1 2 2 2 1 2 1 1 1 1 1 2 2 1 1 2 2 2 1 1 2 1 2 1 2 1 1 1 1 1 2 2 2 1 2 2 1 1 2 2 2 2 1 1 2 2 1 1 2 1 1 1 1 1 1 2 1
39 20 6 1 
2 1 1 2 2 2 1 2 2 2 1 1 1 1 2 2 1 2 2 2 1 1 2 1 2 2 2 1 1 1 2 1 2 2 2 2 1 2 2 1 1 2 2 2 2 2 1 2 2 1 1 2 2 1 1 2 1 2 2 1
42 20 12 0 
1 2 1 2 2 2 1 2 2 2 1 1 2 2 1 2 2 1 2 1 2 1 2 2 2 1 2 2 1 1 2 2 2 2 2 2 2 2 1 1 2 1 2 1 2 2 2 1 1 2 1 2 2 2 1 1 1 1 2 2
36 4 3 1 
1 1 1 2 2 2 1 2 1 1 1 1 1 1 1 2 2 1 1 1 1 1 1 1 1 1 2 2 2 2 1 1 1 1 2 2 1 1 2 2 2 2 1 1 2 2 1 2 2 2 1 1 2 1 2 1 2 1 2 1
111 52 59 1 
1 2 2 1 2 2 2 1 1 1 1 1 2 2 2 1 1 2 1 2 1 1 1 2 2 2 2 2 2 2 2 1 2 1 2 2 1 2 1 2 1 2 1 1 2 2 1 1 2 2 1 1 1 1 2 1 2 1 1 2
275 263 236 1 
2 1 1 2 2 2 2 2 2 1 1 1 2 2 1 2 1 1 2 2 2 1 2 2 1 1 1 2 2 2 2 1 1 1 2 2 1 1 1 2 2 2 2 2 2 2 2 2 2 1 1 2 2 1 1 2 1 2 1 1
202 125 135 0 
1 2 1 1 2 2 1 2 2 2 2 1 1 1 2 1 1 2 1 2 1 2 2 2 2 1 2 2 2 1 1 1 2 2 2 2 1 1 1 1 2 2 2 2 1 2 2 1 1 2 2 1 2 2 2 2 1 2 2 2
189 66 15 0 
2 2 1 1 2 2 1 1 1 2 1 1 1 1 1 1 2 2 2 2 2 2 2 2 1 2 1 2 1 2 1 1 2 1 2 2 1 1 1 2 1 2 1 1 2 1 1 2 1 1 2 2 2 2 2 1 2 1 1 1
236 21 127 0 
2 1 1 2 2 2 2 2 2 1 1 1 1 2 2 1 1 2 2 2 2 1 2 2 1 1 2 2 2 2 1 1 1 2 2 2 1 1 2 1 2 2 1 2 2 2 1 2 2 1 2 2 1 2 2 2 2 2 1 1
192 168 130 1 
2 1 1 2 2 2 1 1 1 2 1 1 2 2 2 1 1 2 2 1 2 1 2 1 1 1 2 2 1 1 1 1 1 1 2 2 2 2 1 2 2 2 2 2 2 2 2 2 1 2 2 1 2 2 1 2 1 2 1 2
115 31 92 0 
1 2 1 1 2 1 1 2 1 1 2 1 1 2 2 1 1 2 1 1 2 1 1 2 2 2 1 2 1 2 1 1 2 1 2 2 1 1 1 1 2 1 2 2 2 1 2 2 1 2 2 1 1 2 2 2 2 2 2 1
15 2 3 0 
2 1 1 1 2 2 1 1 2 1 1 1 1 2 1 1 2 2 2 2 2 1 2 2 1 2 1 2 1 2 1 1 2 1 2 2 2 1 1 2 2 2 2 1 1 2 2 2 1 2 2 1 2 2 1 2 1 2 1 1
131 67 53 0 
1 1 2 2 2 2 2 2 2 1 1 1 1 1 2 2 2 2 2 2 1 1 1 1 1 2 2 2 2 2 1 1 1 2 2 2 1 1 2 2 2 2 1 2 2 2 1 1 2 1 1 2 2 2 1 1 1 1 1 1
173 155 102 0 
2 2 1 2 2 2 1 1 2 2 2 1 2 2 2 2 1 2 1 2 2 2 1 2 1 2 1 2 1 2 1 1 2 1 2 2 1 2 1 2 1 2 1 1 2 2 1 2 2 2 1 2 1 2 2 1 2 2 2 1
123 103 62 0 
1 2 1 1 2 2 2 1 2 1 2 1 1 2 1 2 1 1 1 2 2 1 1 2 1 2 1 2 2 1 1 2 1 2 2 2 1 2 2 1 2 2 2 2 2 2 2 2 1 1 1 2 1 2 1 1 1 1 1 1
278 215 48 1 
2 1 1 1 2 2 2 1 2 1 1 1 2 2 1 2 1 1 1 2 1 1 2 2 2 2 2 2 2 2 1 2 1 1 2 2 1 1 1 1 2 2 1 2 2 1 2 2 2 2 1 1 2 1 2 1 2 2 1 2
7 1 3 1 
2 1 1 2 1 2 2 1 1 1 1 1 2 2 2 1 1 2 2 2 1 1 1 2 2 1 2 2 2 1 2 1 2 1 2 2 2 1 1 2 1 2 1 1 2 2 1 2 2 2 1 1 2 2 2 1 1 1 2 1
211 161 196 0 
1 1 2 1 2 2 2 2 2 1 1 1 1 1 1 2 1 1 2 1 1 2 2 2 1 2 2 2 1 2 2 2 2 2 2 2 2 1 1 1 2 2 2 2 2 2 2 1 1 2 2 2 2 1 2 2 2 1 1 2
42 20 12 0 
1 2 1 2 2 2 1 2 2 2 1 1 2 2 1 2 2 1 2 1 2 1 2 2 2 1 2 2 1 1 2 2 2 2 2 2 2 2 1 1 2 1 2 1 2 2 2 1 1 2 1 2 2 2 1 1 1 1 2 2
282 169 189 1 
1 2 1 1 2 2 2 1 2 1 1 1 1 1 2 1 1 2 1 2 1 2 2 2 2 1 2 1 1 1 1 1 2 2 2 2 1 1 2 1 2 1 1 1 2 2 1 1 2 1 1 2 2 2 2 2 1 2 2 1
228 181 200 1 
2 2 1 2 2 2 1 2 2 2 1 1 1 1 1 2 1 1 1 1 1 2 1 2 2 1 2 1 1 1 1 1 2 2 2 2 1 1 1 1 2 1 2 2 2 1 2 2 2 1 1 2 2 2 2 1 2 1 1 2
252 118 64 1 
1 2 1 1 1 2 2 1 2 1 2 1 1 1 2 1 1 2 1 2 1 1 1 2 1 2 2 1 1 1 1 1 1 2 2 2 1 2 2 2 2 2 1 2 2 2 1 1 2 2 1 1 2 1 1 1 1 2 2 2
116 91 94 0 
2 1 1 2 2 1 2 1 1 2 1 1 1 1 2 2 1 1 2 1 1 1 1 1 1 1 2 2 2 1 1 1 2 2 2 2 1 1 2 1 2 2 2 1 2 2 1 2 1 2 2 1 1 2 2 1 2 1 1 2
11 2 3 0 
2 1 1 2 2 2 1 1 2 1 2 1 1 1 1 1 2 2 2 2 2 1 2 2 1 2 1 2 1 2 1 1 2 1 2 2 2 1 1 1 2 1 2 2 2 2 2 1 1 2 2 1 2 2 1 2 1 2 2 1
221 150 48 1 
2 1 1 1 2 2 1 1 1 1 1 1 2 2 2 2 1 1 2 2 1 1 2 1 1 2 2 1 1 1 2 1 2 2 2 2 2 1 1 1 1 2 1 2 2 1 1 2 2 2 1 1 2 2 2 2 1 1 2 2
258 18 92 1 
2 1 1 1 1 1 2 2 1 1 1 1 2 2 2 1 1 2 2 2 1 1 2 2 1 2 2 2 2 2 2 2 2 1 2 2 2 1 1 1 1 1 1 1 2 2 1 1 2 2 1 2 2 2 1 2 2 2 1 1
49 36 5 1 
1 1 1 2 2 2 1 2 1 1 1 1 1 1 1 2 2 1 1 2 1 1 1 1 1 1 2 2 2 2 1 1 1 2 2 2 1 1 2 1 2 2 1 2 2 2 2 2 2 1 1 1 2 2 2 2 2 2 2 1
78 52 42 0 
1 1 1 1 2 2 2 1 1 2 1 1 2 2 2 2 1 2 1 2 1 2 1 2 2 2 2 2 2 1 2 2 2 2 2 2 1 2 1 1 1 2 1 2 2 2 1 1 2 2 1 2 1 2 2 1 2 1 1 2
94 79 30 0 
1 1 2 1 2 1 2 1 2 2 2 1 1 1 2 1 1 2 1 2 1 1 1 1 1 1 2 2 1 2 1 1 2 1 2 2 1 1 1 1 2 2 2 1 2 2 1 2 2 2 1 1 2 2 1 2 1 1 2 2
146 117 53 0 
1 1 1 2 2 2 1 2 1 1 1 1 2 1 1 2 2 2 2 2 1 1 1 1 2 2 1 2 1 2 1 1 2 1 2 2 1 1 1 2 1 2 2 2 1 2 1 1 1 2 2 1 1 1 2 1 1 1 2 1
292 232 116 1 
1 2 2 1 2 2 2 2 2 2 2 1 1 1 2 2 1 1 2 2 1 1 1 1 1 1 2 2 2 1 1 1 2 2 2 2 1 1 1 1 1 2 1 1 1 2 2 1 2 1 1 2 2 2 2 1 1 1 1 2
181 81 94 1 
2 1 1 1 2 1 2 1 2 2 1 1 1 1 1 1 1 1 1 1 1 1 2 1 2 1 2 2 1 2 1 1 2 2 2 2 1 1 1 1 2 2 2 2 2 2 2 1 2 2 1 1 2 2 2 2 2 1 1 2
271 98 92 1 
1 1 1 2 2 1 2 2 2 1 2 1 1 2 1 1 2 2 2 2 1 1 2 2 2 2 2 2 2 2 1 1 1 1 2 2 1 1 1 1 1 1 2 2 2 1 2 2 1 2 1 1 1 2 1 1 1 2 1 1
281 164 131 0 
1 1 2 2 2 2 2 2 2 1 1 1 2 1 2 2 2 2 2 2 1 1 1 1 2 1 2 2 1 2 1 1 1 2 2 2 1 1 2 2 2 2 1 2 1 2 2 1 2 1 1 2 2 2 2 1 2 1 2 1
72 29 55 0 
1 1 2 1 2 2 2 1 1 2 1 2 1 1 2 2 1 1 2 2 2 1 2 2 2 2 2 2 1 2 1 2 1 1 2 2 1 1 1 1 1 1 2 1 2 2 1 1 2 2 1 1 1 2 1 2 1 2 1 1
103 13 32 1 
2 1 2 1 2 2 2 2 2 2 2 2 1 1 2 1 1 1 1 1 2 2 1 1 1 2 2 1 1 2 1 1 2 1 2 2 1 1 2 2 2 2 1 2 2 2 1 2 2 1 1 1 2 1 1 1 1 1 2 1
171 105 139 0 
2 2 1 1 1 1 1 1 2 1 1 1 1 1 1 2 2 2 2 1 1 1 1 2 1 2 2 2 2 1 2 2 2 1 2 2 1 1 1 2 1 2 1 2 2 1 2 2 2 1 1 2 1 2 1 1 2 2 2 2
278 215 48 1 
2 1 1 1 2 2 2 1 2 1 1 1 2 2 1 2 1 1 1 2 1 1 2 2 2 2 2 2 2 2 1 2 1 1 2 2 1 1 1 1 2 2 1 2 2 1 2 2 2 2 1 1 2 1 2 1 2 2 1 2
281 164 131 0 
1 1 2 2 2 2 2 2 2 1 1 1 2 1 2 2 2 2 2 2 1 1 1 1 2 1 2 2 1 2 1 1 1 2 2 2 1 1 2 2 2 2 1 2 1 2 2 1 2 1 1 2 2 2 2 1 2 1 2 1
122 24 30 0 
1 2 2 1 2 1 2 2 2 1 1 1 2 2 1 1 1 2 1 2 1 1 2 1 2 2 2 2 1 2 1 1 2 1 2 2 1 1 1 2 1 2 1 1 2 2 1 2 2 2 1 1 2 2 2 2 2 1 2 2
26 23 12 1 
2 1 1 2 2 2 2 2 2 2 1 1 1 2 1 2 2 1 2 1 2 1 1 2 2 1 2 2 1 2 1 2 1 2 2 2 1 1 1 1 2 1 2 1 2 2 2 1 1 2 2 2 1 2 1 1 1 2 1 2
113 29 90 0 
1 1 2 1 2 2 1 1 1 1 1 1 1 1 2 2 1 1 2 2 2 1 2 2 2 2 2 2 1 1 1 1 1 1 2 2 1 1 1 1 2 2 2 2 2 2 1 2 2 2 1 1 1 2 1 1 1 1 1 1
272 263 218 0 
1 2 1 2 2 2 2 2 2 2 1 1 2 1 1 2 2 1 2 2 1 1 2 2 2 2 2 1 2 1 1 2 1 2 2 2 1 1 1 2 2 2 2 1 2 2 2 1 2 2 1 1 2 1 1 1 1 1 1 1
118 103 94 1 
2 1 1 1 2 1 2 1 2 2 2 1 1 1 2 1 1 1 1 1 2 1 1 1 1 1 2 2 1 1 1 1 1 1 2 2 1 1 2 1 2 2 1 1 2 2 1 2 2 2 1 1 2 2 1 2 1 1 2 2
129 38 114 0 
2 2 1 1 2 2 1 1 1 1 1 1 1 1 1 2 2 1 2 2 2 1 2 2 1 2 1 2 2 1 1 1 2 1 2 2 2 1 2 1 2 2 1 2 2 1 1 2 1 1 2 2 2 1 2 1 2 1 2 1
124 13 70 0 
2 1 1 2 2 2 2 2 2 1 2 1 1 1 2 2 1 1 1 1 2 1 1 1 2 1 1 2 1 2 1 1 2 1 2 2 1 1 2 2 2 2 1 2 2 2 1 2 2 1 1 1 2 2 1 2 1 2 2 1
46 24 15 1 
1 2 2 1 2 2 2 1 2 1 1 1 2 1 1 1 2 2 1 2 1 2 1 2 1 1 2 1 2 1 2 1 2 2 2 2 1 1 1 2 1 2 1 2 2 1 1 2 2 1 1 1 2 2 2 2 2 2 1 1
303 91 191 0 
1 1 2 1 2 2 2 2 1 1 1 1 1 2 1 1 2 2 1 1 1 1 1 1 1 1 2 2 2 1 1 2 1 2 2 2 1 1 2 1 2 2 2 1 2 1 1 2 2 2 2 1 2 2 1 2 1 2 1 1
240 49 11 0 
1 1 2 2 2 2 2 1 1 1 1 1 1 1 1 1 1 2 2 2 1 2 1 2 1 1 2 2 2 1 1 1 1 2 2 2 1 2 2 1 2 2 2 2 2 2 2 1 2 1 1 2 2 2 2 1 2 2 2 1
92 46 17 0 
1 2 2 1 2 1 2 2 1 1 1 1 2 2 1 1 2 2 1 2 1 1 2 2 1 2 1 2 1 2 1 2 2 1 2 2 1 1 1 1 1 1 2 1 1 2 2 1 2 2 1 2 2 2 2 1 2 2 1 1
94 79 30 0 
1 1 2 1 2 1 2 1 2 2 2 1 1 1 2 1 1 2 1 2 1 1 1 1 1 1 2 2 1 2 1 1 2 1 2 2 1 1 1 1 2 2 2 1 2 2 1 2 2 2 1 1 2 2 1 2 1 1 2 2
113 29 90 0 
1 1 2 1 2 2 1 1 1 1 1 1 1 1 2 2 1 1 2 2 2 1 2 2 2 2 2 2 1 1 1 1 1 1 2 2 1 1 1 1 2 2 2 2 2 2 1 2 2 2 1 1 1 2 1 1 1 1 1 1
204 195 114 0 
1 2 2 1 2 2 2 1 2 1 2 1 1 1 1 2 1 1 1 2 2 2 1 1 1 2 2 2 1 1 1 1 1 1 2 2 1 2 1 1 2 1 2 2 2 2 1 1 2 2 1 2 1 1 1 1 1 1 2 1
4 2 3 1 
2 1 1 1 2 2 1 1 2 1 1 1 1 2 1 2 2 1 1 1 2 1 1 1 2 1 1 2 1 2 1 1 2 1 2 2 1 1 1 2 2 2 2 1 1 2 2 1 1 2 2 1 2 2 1 2 2 2 2 2
249 149 171 1 
1 2 2 1 2 1 2 1 1 2 2 1 1 1 2 1 1 2 2 2 1 1 2 1 2 1 2 2 1 1 1 2 1 1 2 2 1 1 1 1 2 1 1 1 2 1 1 2 2 1 1 2 2 2 1 1 1 2 2 2
237 222 15 1 
1 1 2 1 2 2 2 1 2 1 1 1 2 2 1 1 2 2 2 2 2 1 2 2 1 2 2 1 1 1 1 1 1 1 2 2 1 1 1 2 1 2 2 1 2 2 2 2 1 1 1 2 2 2 1 2 1 2 2 1
122 24 30 0 
1 2 2 1 2 1 2 2 2 1 1 1 2 2 1 1 1 2 1 2 1 1 2 1 2 2 2 2 1 2 1 1 2 1 2 2 1 1 1 2 1 2 1 1 2 2 1 2 2 2 1 1 2 2 2 2 2 1 2 2
242 168 141 0 
2 1 1 1 2 2 1 1 1 1 1 1 2 1 2 1 1 2 1 2 2 1 2 1 1 2 1 2 1 2 1 2 2 2 2 2 2 2 1 1 2 2 2 1 2 2 2 2 1 2 2 1 2 2 1 2 1 2 1 2
228 181 200 1 
2 2 1 2 2 2 1 2 2 2 1 1 1 1 1 2 1 1 1 1 1 2 1 2 2 1 2 1 1 1 1 1 2 2 2 2 1 1 1 1 2 1 2 2 2 1 2 2 2 1 1 2 2 2 2 1 2 1 1 2
158 28 63 1 
1 2 1 1 2 2 1 1 2 1 2 1 1 1 1 2 1 1 2 2 1 1 2 2 1 2 1 2 1 1 2 1 2 2 2 2 2 1 1 1 2 2 2 2 2 1 2 2 2 1 1 2 2 2 2 1 2 1 1 2
186 2 65 0 
2 2 1 1 2 2 2 1 2 2 2 1 1 2 1 1 2 1 2 1 2 1 2 2 1 1 1 2 1 1 1 2 2 2 2 2 2 1 1 1 2 2 2 1 2 2 2 2 1 2 2 1 1 1 2 1 1 1 2 1
184 46 131 1 
1 1 2 2 2 2 1 2 1 2 1 1 1 1 1 2 2 2 2 2 1 1 2 1 1 1 1 2 2 2 1 1 2 2 2 2 1 1 2 2 2 2 2 2 1 2 2 1 2 1 1 2 2 2 2 1 2 1 1 1
18 1 3 1 
2 1 1 1 1 2 2 2 1 2 1 1 2 1 2 1 1 2 2 2 1 1 2 2 1 2 2 2 2 1 2 2 2 2 2 2 2 1 1 2 1 2 1 1 2 2 1 2 2 2 2 1 2 2 1 2 2 2 1 2
296 68 32 0 
2 1 1 1 2 2 2 2 2 2 1 1 1 1 1 2 2 1 1 1 2 1 1 1 1 2 2 1 2 2 1 1 1 1 2 2 1 1 2 2 2 1 2 2 1 2 2 2 1 1 1 1 2 1 2 1 2 1 2 1
262 54 234 1 
1 2 1 2 2 1 1 2 1 1 1 1 1 2 1 1 2 1 2 1 1 1 2 1 2 1 2 2 1 1 2 1 2 1 2 2 1 1 1 1 1 2 1 1 2 2 2 1 2 2 2 1 2 2 1 1 2 1 1 2
15 2 3 0 
2 1 1 1 2 2 1 1 2 1 1 1 1 2 1 1 2 2 2 2 2 1 2 2 1 2 1 2 1 2 1 1 2 1 2 2 2 1 1 2 2 2 2 1 1 2 2 2 1 2 2 1 2 2 1 2 1 2 1 1
96 80 71 0 
2 2 2 1 2 2 2 1 2 2 1 2 2 1 2 1 1 1 1 1 1 1 2 1 1 2 2 2 1 1 2 2 2 2 2 2 1 1 2 1 2 1 1 2 2 2 2 2 1 2 1 2 2 1 1 1 1 1 2 1
80 36 42 1 
1 2 2 2 2 2 2 2 1 2 1 1 1 2 1 2 2 1 1 1 1 1 1 2 1 1 2 2 2 1 1 2 1 2 2 2 1 2 2 1 2 2 1 2 2 2 2 2 2 1 1 1 1 2 2 1 2 1 2 2
73 39 47 0 
2 1 1 1 2 2 1 1 2 1 1 1 1 1 2 1 1 2 2 1 1 2 1 1 2 1 1 2 1 2 1 1 2 1 2 2 1 1 2 2 2 2 2 2 2 2 1 2 1 1 2 1 1 1 2 1 2 1 2 2
40 7 12 0 
2 2 1 2 1 1 2 2 1 1 1 1 2 2 1 2 2 1 2 1 1 1 2 2 1 2 2 2 1 1 1 2 1 2 2 2 1 1 2 1 2 1 1 1 2 2 1 1 2 2 1 1 2 2 1 1 1 1 1 2
255 86 190 1 
1 2 2 1 2 2 2 2 1 1 1 1 1 2 1 2 1 2 1 2 1 1 2 2 2 2 2 2 1 1 2 2 2 1 2 2 2 2 1 1 1 2 2 2 2 2 2 2 1 2 2 1 2 2 1 1 1 1 2 1
269 133 138 1 
1 2 1 1 2 2 2 1 2 1 1 1 1 1 2 1 2 2 2 2 2 1 2 2 1 2 1 2 1 1 1 2 1 2 2 2 1 2 1 1 2 2 2 2 1 2 2 2 2 2 1 1 1 2 2 2 1 2 2 2
219 120 173 0 
2 2 2 1 2 2 1 1 1 2 1 2 1 2 2 2 1 1 1 1 2 2 2 1 2 2 1 2 1 1 1 1 1 1 2 2 1 2 2 2 2 1 2 1 2 2 2 1 2 2 1 1 1 1 1 2 1 2 2 2
216 60 65 1 
2 2 1 1 2 2 2 1 2 2 1 1 1 2 1 1 2 1 2 1 2 1 2 2 1 1 2 2 2 1 2 1 2 1 2 2 2 1 1 2 1 2 2 2 2 2 1 2 2 1 1 2 2 2 2 2 2 2 2 1
68 36 47 1 
1 2 2 1 2 2 2 2 1 2 1 1 1 1 1 1 1 2 1 1 1 2 1 2 1 1 2 2 2 2 1 1 1 1 2 2 1 1 2 2 2 2 1 2 2 1 2 2 2 1 1 1 1 2 1 2 1 2 2 2
57 34 43 1 
1 2 2 2 2 2 2 2 1 2 1 2 1 1 1 2 2 1 2 1 2 2 2 1 2 2 1 1 1 2 1 2 2 2 2 2 2 1 1 1 2 2 2 2 2 1 2 2 1 2 2 1 2 2 1 2 1 1 2 2
302 24 175 0 
1 1 2 1 2 2 2 2 2 2 1 2 2 1 1 1 1 2 1 2 1 1 1 2 1 2 2 2 2 1 2 1 2 2 2 2 1 2 1 1 1 2 1 2 2 2 1 2 2 1 1 2 2 2 2 1 2 1 1 1
13 2 3 1 
2 1 1 2 2 2 2 2 2 2 2 1 1 1 2 2 1 1 1 1 2 1 1 1 2 1 1 2 1 2 1 1 2 1 2 2 1 1 1 2 2 2 2 1 1 2 2 1 1 2 2 1 2 2 1 2 1 2 2 2
121 35 37 1 
2 1 1 1 2 2 2 1 2 1 1 1 1 2 2 2 1 1 2 1 2 2 1 2 1 1 1 1 1 1 1 1 1 2 2 2 1 2 1 1 1 2 2 2 2 2 1 2 2 1 1 1 1 2 1 2 1 2 2 2
82 4 40 0 
1 2 1 1 2 1 1 2 1 1 1 1 2 2 2 2 1 1 1 2 1 1 1 2 1 1 2 2 2 1 1 1 1 1 2 2 1 1 2 2 2 2 2 1 1 2 2 1 1 2 2 1 2 2 2 1 2 1 2 1
84 2 58 1 
2 1 1 1 2 2 2 1 2 1 2 1 1 1 2 1 1 1 1 1 2 1 1 2 2 1 1 2 1 2 1 1 2 2 2 2 2 2 1 1 2 1 2 1 1 2 2 2 1 1 2 2 1 1 1 2 1 2 2 2
120 57 59 1 
2 2 2 1 2 2 2 1 2 1 2 1 1 1 2 2 1 1 1 2 2 2 2 2 2 2 1 2 1 2 1 1 2 1 2 2 1 1 1 2 2 2 2 2 2 2 2 1 1 2 2 1 2 1 1 1 1 1 2 2
214 86 123 0 
1 2 2 1 2 2 2 1 2 2 1 2 1 1 1 1 2 1 2 1 2 2 1 1 2 1 2 2 1 1 1 2 2 2 2 2 1 2 1 1 2 2 2 2 2 2 2 2 1 1 2 1 2 2 2 1 2 1 2 1
65 10 15 0 
2 1 1 1 2 2 1 1 2 1 1 1 2 2 1 1 1 2 1 2 1 1 1 2 1 2 2 2 1 2 2 1 2 1 2 2 1 1 1 2 2 2 2 1 2 2 1 2 2 1 1 2 1 2 1 2 1 2 1 1
276 119 179 0 
1 1 1 1 2 2 2 2 2 2 1 2 1 1 1 2 2 1 2 1 2 2 1 1 1 2 2 1 1 1 2 1 2 2 2 2 2 1 1 1 1 2 2 2 2 1 2 2 2 1 2 2 2 1 1 2 2 2 2 1
38 13 11 1 
1 2 2 1 2 2 2 1 2 1 1 1 1 1 2 1 1 2 1 2 1 2 1 2 2 1 1 1 2 1 1 1 1 2 2 2 1 2 2 1 2 2 1 2 2 2 1 1 1 1 2 2 2 2 2 1 2 1 2 2
151 88 37 0 
2 1 2 1 2 2 1 1 2 1 1 1 2 1 2 2 1 1 2 2 1 2 2 2 2 1 2 1 1 1 2 1 2 2 2 2 1 2 1 1 2 2 2 1 2 2 1 2 2 1 2 2 1 2 1 1 1 2 1 2
192 168 130 1 
2 1 1 2 2 2 1 1 1 2 1 1 2 2 2 1 1 2 2 1 2 1 2 1 1 1 2 2 1 1 1 1 1 1 2 2 2 2 1 2 2 2 2 2 2 2 2 2 1 2 2 1 2 2 1 2 1 2 1 2
98 79 47 1 
1 1 2 1 2 2 2 2 2 2 2 1 1 1 1 1 2 1 2 1 1 1 2 2 2 2 1 2 1 2 1 1 2 1 2 2 1 1 1 2 1 2 2 2 2 2 1 2 2 1 1 1 2 1 1 1 1 1 2 1
201 165 178 1 
1 2 1 1 2 2 1 2 1 2 1 1 1 1 2 1 1 2 2 2 1 1 2 1 1 1 2 2 1 1 1 1 2 2 2 2 1 1 1 1 2 2 2 2 2 2 1 1 2 2 1 1 2 2 1 2 1 2 2 2
45 35 3 0 
2 1 1 1 2 2 2 2 2 2 1 1 1 1 2 2 1 1 1 1 2 1 2 2 1 2 1 2 1 2 1 1 1 1 2 2 1 1 2 1 2 1 1 2 2 2 1 1 2 2 1 1 2 2 2 2 2 2 2 2
152 86 27 0 
1 1 2 2 2 2 2 2 2 2 1 1 1 2 2 2 1 1 1 1 2 1 1 2 2 2 2 2 1 1 2 2 2 2 2 2 2 1 1 1 1 2 2 2 2 1 2 2 1 2 2 2 2 2 2 2 1 1 2 2
283 193 229 0 
1 2 1 1 2 2 2 2 1 1 1 2 2 1 1 2 2 2 2 2 1 2 1 1 1 1 1 2 1 1 2 1 2 1 2 2 2 1 1 1 2 1 2 2 2 2 2 1 1 2 2 1 2 1 2 2 2 2 2 2
241 24 142 0 
1 1 2 2 2 2 2 1 2 2 1 1 2 1 1 2 2 2 1 2 1 2 1 2 1 2 2 2 2 2 2 2 2 2 2 2 1 2 1 1 1 1 2 2 1 2 2 2 1 1 1 2 2 2 2 2 2 2 1 1
235 13 203 0 
2 2 1 1 2 2 2 2 2 1 2 1 1 2 2 1 1 2 1 1 2 2 1 1 2 2 1 1 1 2 1 1 1 1 2 2 1 1 1 1 2 1 2 2 1 2 2 1 1 1 1 2 2 2 1 1 1 1 2 2
59 29 15 0 
1 2 1 1 2 2 1 1 1 1 1 1 1 2 2 1 1 2 2 2 2 1 2 2 2 2 2 2 1 2 1 1 1 1 2 2 1 2 1 2 1 2 2 1 2 2 1 2 2 2 1 2 1 2 1 1 1 2 2 1
198 39 73 0 
1 2 2 1 2 2 2 1 2 1 1 1 1 1 2 2 1 1 2 2 1 1 2 1 2 2 2 1 1 2 2 1 2 1 2 2 1 1 2 2 1 2 2 2 2 2 1 2 1 1 2 1 1 1 2 1 2 1 1 2
217 193 116 1 
1 2 1 1 2 2 1 2 2 1 1 1 2 1 1 2 2 1 2 2 1 1 1 1 2 1 2 2 2 2 1 1 2 2 2 2 1 1 2 2 2 2 1 2 2 2 1 1 1 2 2 1 2 2 1 1 2 1 1 2
2 0 0 1 
2 2 1 1 2 2 2 1 2 2 2 1 1 1 1 2 2 1 2 1 2 2 2 1 1 2 1 1 1 1 1 1 2 2 2 2 2 1 1 1 2 2 2 2 2 1 2 2 1 1 2 2 2 1 1 2 1 2 2 1
206 149 73 1 
1 1 1 1 2 2 2 1 2 1 1 1 1 1 1 1 1 2 2 1 1 2 2 1 1 1 2 2 1 2 1 1 1 1 2 2 1 1 1 2 2 2 1 2 2 2 1 2 2 1 1 1 2 1 2 2 2 2 2 2
214 86 123 0 
1 2 2 1 2 2 2 1 2 2 1 2 1 1 1 1 2 1 2 1 2 2 1 1 2 1 2 2 1 1 1 2 2 2 2 2 1 2 1 1 2 2 2 2 2 2 2 2 1 1 2 1 2 2 2 1 2 1 2 1
232 14 132 1 
1 1 2 2 2 2 1 2 2 2 2 2 1 1 2 2 1 1 1 2 1 1 1 1 1 2 2 2 2 1 1 1 2 1 2 2 1 1 2 1 2 1 2 1 1 1 2 2 2 2 1 2 2 1 2 2 2 1 2 1
34 2 5 1 
2 1 1 2 2 2 1 2 2 1 1 1 1 1 1 2 2 1 2 1 2 2 2 1 2 2 1 2 1 1 1 1 2 2 2 2 2 1 1 2 2 2 2 2 2 2 2 1 1 2 2 1 2 2 1 2 1 2 2 1
64 4 59 0 
2 2 1 1 2 2 1 1 1 1 1 1 2 1 1 1 2 2 1 2 2 1 1 2 2 2 1 2 1 2 1 1 2 1 2 2 1 2 1 2 2 2 1 2 2 2 1 1 2 2 1 1 2 1 2 1 2 1 2 2
285 210 65 1 
1 1 2 1 2 2 2 1 1 1 1 1 1 2 1 1 2 2 1 2 1 1 1 2 2 2 1 2 1 1 1 2 1 2 2 2 1 1 2 2 2 2 1 2 2 2 1 1 1 2 2 1 2 1 2 1 2 1 2 1
168 118 37 1 
2 1 1 1 1 2 1 1 2 1 1 1 1 2 1 2 1 1 1 2 1 2 1 2 1 1 2 1 1 1 1 1 1 2 2 2 1 2 1 1 2 2 1 2 2 2 1 2 2 1 1 2 2 2 1 1 1 1 2 1
81 31 61 1 
2 2 1 1 2 2 2 2 1 2 1 1 1 1 2 1 1 1 1 2 1 1 1 2 1 2 2 2 1 1 1 1 2 2 2 2 1 1 1 1 2 2 2 2 2 2 2 2 2 2 1 1 2 2 2 2 2 2 2 1
29 23 16 1 
1 1 2 1 2 2 2 1 1 1 1 1 1 1 2 2 2 1 2 2 1 2 2 2 2 2 2 2 2 1 1 1 1 1 2 2 1 1 2 1 2 1 2 2 2 2 1 1 2 2 1 1 1 1 1 1 1 1 1 2
137 111 9 0 
1 2 2 2 2 1 1 2 1 1 1 1 2 2 2 2 1 1 1 2 1 1 1 1 2 2 2 2 2 2 2 2 2 2 2 2 1 1 1 1 2 1 1 1 2 2 1 2 2 2 1 2 1 2 1 1 1 2 2 2
82 4 40 0 
1 2 1 1 2 1 1 2 1 1 1 1 2 2 2 2 1 1 1 2 1 1 1 2 1 1 2 2 2 1 1 1 1 1 2 2 1 1 2 2 2 2 2 1 1 2 2 1 1 2 2 1 2 2 2 1 2 1 2 1
166 1 71 0 
2 2 1 1 1 2 2 2 1 2 1 2 2 1 2 1 1 1 2 1 1 1 1 1 1 1 2 2 2 1 2 2 2 2 2 2 2 1 1 1 1 1 1 2 2 2 1 2 2 2 2 1 2 1 1 2 1 1 2 1
256 57 61 1 
2 2 2 1 2 2 2 2 1 2 1 1 1 1 1 1 2 2 2 2 2 1 2 2 2 2 1 2 1 1 1 1 2 2 2 2 2 1 1 1 2 2 2 2 1 2 2 2 1 1 2 2 2 2 2 2 1 2 2 2
33 4 9 1 
1 1 1 2 2 1 1 2 2 1 1 1 2 2 2 2 1 1 1 2 1 1 1 1 2 1 1 2 1 2 1 1 1 1 2 2 1 1 2 1 2 1 1 1 2 2 1 2 2 2 1 1 2 1 2 1 2 1 2 1
163 120 96 1 
2 2 2 2 2 2 2 2 2 2 2 1 1 1 2 1 1 1 2 1 2 1 2 1 2 2 2 2 2 1 1 2 1 2 2 2 1 1 2 2 2 2 2 2 2 2 1 2 2 1 2 2 2 1 1 1 1 1 2 1
298 133 203 0 
2 1 1 1 2 2 2 1 2 1 1 1 1 2 2 1 1 2 2 1 2 2 2 1 1 2 2 2 1 2 1 1 1 2 2 2 1 1 1 1 2 1 2 2 2 2 2 1 2 2 1 2 1 2 1 2 1 2 2 2
105 54 30 1 
1 2 1 1 2 1 1 1 1 2 1 1 1 1 1 1 2 2 2 1 1 1 2 1 2 1 2 2 1 2 2 1 2 1 2 2 1 1 1 1 1 1 1 1 2 2 2 2 2 2 1 1 1 1 1 1 2 1 2 2
210 38 131 1 
1 1 2 2 2 2 2 2 1 2 1 1 1 1 1 2 2 2 1 2 1 1 1 1 2 2 1 2 1 2 1 1 1 2 2 2 1 1 2 2 2 2 1 1 2 2 1 1 1 1 2 2 2 2 2 1 2 1 2 1
209 36 8 0 
1 1 2 1 2 2 1 1 1 1 1 1 1 2 1 1 2 2 1 1 1 1 1 2 1 1 2 2 2 2 1 1 1 1 2 2 1 2 2 1 2 1 1 2 2 2 2 2 2 2 1 1 1 2 2 2 2 2 2 2
251 22 102 1 
2 1 1 2 2 2 2 1 2 1 2 1 1 1 1 2 2 2 2 2 1 2 2 2 2 2 2 2 1 2 2 1 2 1 2 2 1 2 1 2 1 2 2 2 2 2 1 2 2 2 1 2 2 2 2 1 1 2 2 1
259 46 73 0 
2 1 1 1 2 2 1 1 1 1 1 1 1 1 1 1 2 1 1 2 2 2 2 1 1 1 2 2 2 2 2 1 2 1 2 2 1 1 1 2 1 2 1 2 2 2 1 2 2 1 1 2 2 1 2 2 2 2 1 2
300 168 227 1 
1 2 1 1 1 2 1 1 2 2 1 1 1 1 1 1 1 2 1 1 1 1 1 1 1 1 2 1 1 1 1 1 1 1 2 2 1 1 1 2 2 2 1 1 2 2 1 1 2 2 1 1 2 2 1 1 1 1 2 1
161 93 55 1 
1 1 2 1 2 2 2 1 2 2 1 1 1 2 1 2 1 1 1 2 2 1 2 2 1 1 2 2 1 2 2 2 2 1 2 2 2 2 1 1 2 2 2 2 2 2 2 2 1 2 2 1 2 2 2 1 2 2 1 1
293 25 277 0 
1 1 1 1 1 2 1 2 1 2 1 1 1 2 2 2 1 1 2 2 1 1 1 2 1 1 2 1 2 1 1 1 1 2 2 2 1 1 1 1 2 1 2 2 1 2 1 2 2 2 1 1 1 1 1 1 2 1 2 1
28 20 11 1 
1 1 1 1 2 2 1 1 2 2 1 2 1 1 2 1 1 2 2 2 1 1 2 2 2 1 2 1 1 1 2 1 2 2 2 2 2 2 1 1 2 2 2 2 2 2 2 2 1 2 2 1 2 2 1 2 1 2 1 1
155 121 72 1 
2 1 1 1 2 2 1 1 1 2 1 2 2 1 2 2 1 1 1 2 2 1 1 2 1 2 1 2 1 1 1 1 2 1 2 2 1 1 1 1 1 1 2 1 2 2 1 1 2 2 1 1 1 1 2 1 2 1 2 1
213 120 189 0 
2 2 2 1 2 2 2 1 1 2 1 1 1 1 2 1 1 2 2 2 2 2 2 2 2 2 1 2 1 2 1 1 1 2 2 2 1 1 2 2 2 2 2 1 2 1 1 2 2 1 1 2 2 2 1 1 1 1 2 1
19 2 3 1 
2 1 1 2 2 2 1 2 2 2 1 1 1 2 1 1 2 2 2 2 2 1 2 2 2 2 1 2 1 1 1 2 2 2 2 2 1 1 1 1 2 1 2 2 1 2 2 1 1 2 2 1 2 1 1 1 1 1 2 1
210 38 131 1 
1 1 2 2 2 2 2 2 1 2 1 1 1 1 1 2 2 2 1 2 1 1 1 1 2 2 1 2 1 2 1 1 1 2 2 2 1 1 2 2 2 2 1 1 2 2 1 1 1 1 2 2 2 2 2 1 2 1 2 1
299 117 59 1 
1 2 1 1 2 2 1 1 1 1 1 1 2 1 2 2 1 1 1 2 2 2 2 2 1 2 2 2 1 2 1 1 2 1 2 2 1 2 1 2 1 2 2 1 2 2 2 2 2 2 2 2 2 2 1 1 1 1 2 2
3 0 0 0 
1 1 2 1 2 2 2 1 2 1 1 1 1 2 2 1 1 2 1 2 1 1 1 2 1 2 2 2 2 1 1 2 1 2 2 2 1 1 2 1 2 1 1 2 2 2 2 1 2 2 1 1 1 2 1 2 1 2 1 2
106 18 15 0 
1 2 1 1 2 2 2 1 2 1 1 1 1 2 1 1 2 2 2 2 1 1 2 2 2 2 2 2 1 2 2 1 2 2 2 2 1 1 2 2 2 2 1 2 2 2 2 2 2 2 1 1 2 2 2 1 2 1 2 1
146 117 53 0 
1 1 1 2 2 2 1 2 1 1 1 1 2 1 1 2 2 2 2 2 1 1 1 1 2 2 1 2 1 2 1 1 2 1 2 2 1 1 1 2 1 2 2 2 1 2 1 1 1 2 2 1 1 1 2 1 1 1 2 1
234 168 40 0 
2 2 1 2 2 1 1 2 1 1 1 1 2 2 1 2 1 1 1 1 1 1 1 2 1 1 2 2 1 1 1 1 1 1 2 2 1 1 1 2 2 2 1 1 2 2 2 1 1 2 2 1 2 2 1 1 1 1 1 2
217 193 116 1 
1 2 1 1 2 2 1 2 2 1 1 1 2 1 1 2 2 1 2 2 1 1 1 1 2 1 2 2 2 2 1 1 2 2 2 2 1 1 2 2 2 2 1 2 2 2 1 1 1 2 2 1 2 2 1 1 2 1 1 2
165 149 76 1 
1 1 1 1 2 2 2 1 2 1 1 1 1 1 1 2 1 1 1 2 1 2 1 2 1 2 2 2 1 1 1 1 1 2 2 2 1 1 1 1 1 2 2 2 2 2 1 1 2 1 1 2 2 1 1 1 1 1 2 1
185 87 48 1 
1 2 1 2 2 1 1 2 1 1 1 1 2 2 1 1 2 2 1 2 1 1 1 1 1 2 2 1 2 2 1 2 2 1 2 2 2 1 1 1 1 1 1 1 2 1 2 2 2 2 1 1 2 1 2 1 2 2 1 2
100 24 58 0 
1 1 2 1 2 2 2 2 2 1 1 1 1 2 1 1 1 1 1 1 1 1 2 2 2 1 2 2 2 1 2 2 2 2 2 2 1 2 1 1 1 1 2 1 2 1 1 2 2 1 1 2 2 1 2 2 2 2 2 1
63 2 16 0 
2 1 1 1 2 2 1 1 2 1 1 1 1 1 2 2 1 1 1 2 2 1 2 2 1 2 1 2 1 1 1 1 2 1 2 2 1 1 1 1 2 1 2 2 2 1 2 2 1 1 2 2 2 2 1 1 1 1 1 2
207 149 115 0 
1 2 2 1 2 1 2 2 1 1 2 2 1 1 2 2 1 1 2 1 1 2 1 1 1 2 2 1 1 2 1 1 1 2 2 2 1 1 1 1 1 1 2 2 2 1 1 2 2 2 1 1 1 2 2 2 2 2 2 2
197 50 113 1 
1 1 2 2 2 2 1 1 2 1 1 1 2 1 2 2 1 1 1 2 1 2 1 2 1 2 2 2 2 1 1 1 1 1 2 2 1 1 1 1 2 2 2 2 1 2 2 2 2 2 1 1 2 1 1 1 1 1 2 1
75 29 6 1 
1 1 2 2 2 2 2 2 1 2 1 1 1 1 2 2 1 2 2 1 2 1 2 2 2 2 2 1 2 1 1 2 1 2 2 2 1 2 1 1 1 2 2 2 2 2 1 2 2 1 1 2 1 1 1 2 1 2 1 1
130 24 102 0 
1 1 2 2 2 2 2 1 2 2 1 1 2 1 1 2 2 2 1 1 1 1 1 1 1 2 2 2 1 2 1 1 2 1 2 2 1 2 1 2 1 2 2 2 1 2 1 2 2 2 1 1 2 2 2 2 2 2 2 2
22 2 3 1 
2 1 1 2 2 2 2 2 2 2 2 1 1 1 1 1 2 1 2 1 2 1 2 2 1 2 1 2 1 1 1 2 2 2 2 2 1 1 1 1 2 1 2 2 1 2 2 1 1 2 2 1 1 2 2 2 1 2 2 1
238 153 72 0 
1 1 2 1 2 2 2 1 2 2 1 2 1 1 2 2 1 1 1 2 1 2 1 2 2 2 2 2 1 1 1 1 2 1 2 2 1 1 2 1 2 1 1 2 2 2 2 1 1 2 2 1 1 2 1 2 1 2 1 1
60 18 27 1 
2 1 1 2 2 2 2 1 2 2 1 1 1 1 1 1 2 2 2 2 1 2 2 2 1 1 2 1 2 1 2 1 2 2 2 2 2 1 1 1 1 2 1 2 2 1 1 2 2 2 1 1 2 1 2 2 2 2 2 2
233 163 15 1 
2 1 2 1 2 2 2 1 2 2 1 1 1 1 1 1 1 2 1 2 1 1 1 2 2 1 2 1 2 1 1 1 1 2 2 2 1 2 2 1 2 2 2 1 2 2 2 2 2 1 2 1 2 2 1 2 1 2 2 1
279 75 45 1 
1 2 2 1 2 2 2 2 2 2 1 1 1 1 2 2 1 1 2 1 2 2 2 2 2 1 1 2 2 2 1 1 1 1 2 2 1 1 1 1 1 2 2 1 2 2 2 1 1 2 2 1 1 2 2 2 2 2 1 2
178 126 135 0 
2 2 1 1 2 2 1 2 2 2 1 1 1 1 2 1 1 2 2 2 2 1 1 1 1 1 2 1 1 1 1 1 2 2 2 2 1 1 1 1 2 2 1 2 2 2 1 1 1 2 2 1 1 2 1 2 1 2 2 2
96 80 71 0 
2 2 2 1 2 2 2 1 2 2 1 2 2 1 2 1 1 1 1 1 1 1 2 1 1 2 2 2 1 1 2 2 2 2 2 2 1 1 2 1 2 1 1 2 2 2 2 2 1 2 1 2 2 1 1 1 1 1 2 1
277 26 90 0 
2 1 1 1 2 2 2 1 2 2 1 1 2 1 2 2 1 1 1 2 1 1 2 2 1 1 2 1 1 1 2 1 2 2 2 2 1 2 1 1 1 2 2 2 2 2 2 2 1 2 2 1 1 2 1 1 1 1 1 1
197 50 113 1 
1 1 2 2 2 2 1 1 2 1 1 1 2 1 2 2 1 1 1 2 1 2 1 2 1 2 2 2 2 1 1 1 1 1 2 2 1 1 1 1 2 2 2 2 1 2 2 2 2 2 1 1 2 1 1 1 1 1 2 1
190 20 30 0 
2 1 1 2 2 2 1 2 2 1 1 1 2 2 2 1 2 2 2 1 1 1 2 1 2 1 2 2 1 2 2 1 2 1 2 2 2 1 1 1 2 1 2 1 2 2 2 2 1 2 1 1 2 2 1 1 1 1 2 1
236 21 127 0 
2 1 1 2 2 2 2 2 2 1 1 1 1 2 2 1 1 2 2 2 2 1 2 2 1 1 2 2 2 2 1 1 1 2 2 2 1 1 2 1 2 2 1 2 2 2 1 2 2 1 2 2 1 2 2 2 2 2 1 1
247 128 61 1 
2 1 1 2 2 2 2 2 2 2 1 1 1 2 2 1 2 2 2 2 1 1 1 2 1 2 2 2 2 1 1 1 1 2 2 2 1 2 2 1 2 2 1 2 2 2 1 2 2 1 1 2 2 2 2 2 1 2 2 1
285 210 65 1 
1 1 2 1 2 2 2 1 1 1 1 1 1 2 1 1 2 2 1 2 1 1 1 2 2 2 1 2 1 1 1 2 1 2 2 2 1 1 2 2 2 2 1 2 2 2 1 1 1 2 2 1 2 1 2 1 2 1 2 1
137 111 9 0 
1 2 2 2 2 1 1 2 1 1 1 1 2 2 2 2 1 1 1 2 1 1 1 1 2 2 2 2 2 2 2 2 2 2 2 2 1 1 1 1 2 1 1 1 2 2 1 2 2 2 1 2 1 2 1 1 1 2 2 2
244 228 198 1 
2 2 1 1 2 2 1 1 2 1 1 1 1 1 1 2 1 1 1 2 2 1 2 2 1 2 1 2 1 1 1 2 2 2 2 2 1 1 1 2 1 2 2 2 2 2 2 2 2 1 1 1 2 1 2 1 2 1 1 2
231 87 148 0 
1 2 1 1 2 2 1 1 1 1 1 1 2 2 2 1 1 2 1 1 1 2 1 1 1 2 2 1 2 1 1 1 2 2 2 2 1 1 1 1 1 2 1 1 2 2 1 1 2 2 1 1 2 1 2 1 2 2 2 2
102 33 59 0 
1 2 2 1 2 2 1 1 2 1 1 1 2 1 2 2 1 2 1 2 1 2 1 2 2 2 1 2 1 2 1 1 1 1 2 2 1 2 1 2 1 2 1 2 2 2 2 2 2 2 1 2 2 2 2 1 2 2 2 1
164 110 15 1 
1 1 2 1 2 2 2 1 2 1 1 1 2 2 2 1 2 2 2 2 1 2 1 2 2 1 2 2 1 1 1 1 1 1 2 2 1 1 1 2 1 2 2 1 2 1 1 2 2 2 2 1 2 2 2 2 1 2 2 1
223 20 53 1 
2 1 1 2 2 2 1 2 2 1 1 1 1 2 2 1 1 2 1 2 2 1 2 1 1 2 1 2 1 2 1 1 2 2 2 2 1 1 2 1 1 2 2 2 2 2 1 1 2 2 1 1 2 1 1 1 1 1 1 1
257 18 112 1 
1 1 1 2 1 2 2 1 1 2 1 1 1 1 1 1 2 2 2 2 1 2 2 2 2 1 2 2 1 2 2 1 2 2 2 2 2 1 1 1 1 1 1 2 2 1 1 1 2 1 2 1 2 1 1 1 2 1 1 2
86 20 5 1 
1 1 2 2 2 2 2 2 2 1 1 1 1 1 1 2 2 1 2 1 1 2 2 1 2 2 2 1 1 1 2 1 2 2 2 2 2 1 1 1 1 2 2 2 2 2 2 2 1 1 2 2 2 2 1 2 1 2 2 2
61 23 5 0 
2 1 1 2 2 2 2 2 2 1 1 1 2 1 1 2 2 1 2 1 1 2 2 1 2 2 2 1 1 1 1 1 2 2 2 2 2 1 1 1 2 2 2 2 2 2 2 1 1 2 2 1 1 2 1 2 1 2 1 2
55 28 17 0 
1 2 1 1 2 1 1 2 2 1 2 1 1 2 2 2 1 1 2 2 1 1 2 2 1 2 1 2 1 2 1 2 2 1 2 2 2 1 1 1 2 1 2 1 2 2 2 1 2 2 1 2 2 2 2 1 2 2 1 1
132 13 71 0 
1 2 2 1 2 2 2 2 2 2 1 2 1 1 2 2 1 2 1 2 1 1 1 1 1 2 2 2 2 1 1 1 1 2 2 2 1 1 2 1 2 1 1 2 1 2 2 2 1 2 2 2 2 1 1 2 1 1 2 1
100 24 58 0 
1 1 2 1 2 2 2 2 2 1 1 1 1 2 1 1 1 1 1 1 1 1 2 2 2 1 2 2 2 1 2 2 2 2 2 2 1 2 1 1 1 1 2 1 2 1 1 2 2 1 1 2 2 1 2 2 2 2 2 1
66 46 51 1 
2 2 1 2 2 1 1 2 1 1 1 1 1 1 1 2 2 1 2 1 2 2 2 1 1 2 1 1 1 1 1 1 2 2 2 2 1 1 1 1 1 1 1 2 2 2 1 2 1 1 1 2 2 2 2 1 2 2 1 2
13 2 3 1 
2 1 1 2 2 2 2 2 2 2 2 1 1 1 2 2 1 1 1 1 2 1 1 1 2 1 1 2 1 2 1 1 2 1 2 2 1 1 1 2 2 2 2 1 1 2 2 1 1 2 2 1 2 2 1 2 1 2 2 2
243 163 27 1 
2 1 2 2 2 2 2 1 2 2 2 1 1 2 2 1 1 2 2 2 2 2 2 2 2 1 2 1 2 1 1 1 1 2 2 2 1 1 2 1 2 1 2 2 2 2 2 2 1 2 2 2 2 1 1 2 1 1 1 2
3 0 0 0 
1 1 2 1 2 2 2 1 2 1 1 1 1 2 2 1 1 2 1 2 1 1 1 2 1 2 2 2 2 1 1 2 1 2 2 2 1 1 2 1 2 1 1 2 2 2 2 1 2 2 1 1 1 2 1 2 1 2 1 2
251 22 102 1 
2 1 1 2 2 2 2 1 2 1 2 1 1 1 1 2 2 2 2 2 1 2 2 2 2 2 2 2 1 2 2 1 2 1 2 2 1 2 1 2 1 2 2 2 2 2 1 2 2 2 1 2 2 2 2 1 1 2 2 1
263 226 127 1 
2 1 1 2 2 2 2 2 2 1 1 1 2 2 2 1 1 2 1 2 1 2 1 2 2 1 2 1 2 2 1 2 1 1 2 2 1 1 1 1 2 2 2 2 2 2 2 2 2 2 1 2 2 2 1 1 1 2 1 1
227 161 143 0 
1 2 1 1 2 2 1 2 2 2 1 1 1 1 1 1 1 2 1 1 2 1 2 1 1 1 2 1 1 1 2 1 2 1 2 2 2 1 1 2 2 2 2 1 2 2 2 1 2 2 1 1 2 2 1 1 2 1 1 1
79 50 6 1 
1 1 2 2 2 2 1 2 2 2 1 2 1 1 2 1 1 2 1 2 1 1 1 2 1 2 2 1 2 1 1 1 1 2 2 2 1 1 1 1 2 1 2 2 2 2 1 2 2 2 1 1 2 1 1 1 1 1 2 1
7 1 3 1 
2 1 1 2 1 2 2 1 1 1 1 1 2 2 2 1 1 2 2 2 1 1 1 2 2 1 2 2 2 1 2 1 2 1 2 2 2 1 1 2 1 2 1 1 2 2 1 2 2 2 1 1 2 2 2 1 1 1 2 1
6 2 3 0 
2 1 1 2 2 2 2 2 2 2 2 1 1 1 1 2 1 2 1 2 2 1 1 2 2 2 1 2 1 1 1 2 2 2 2 2 2 1 1 1 2 1 2 2 2 2 2 2 1 2 2 1 1 1 2 1 2 1 1 1
273 120 154 1 
2 2 1 1 2 1 1 2 1 1 1 1 1 2 2 2 1 1 1 2 2 1 2 1 2 1 1 2 2 2 1 2 1 1 2 2 1 1 1 1 2 2 2 1 2 2 2 1 2 2 1 1 1 2 1 1 1 1 2 1
44 1 16 1 
2 1 1 1 1 2 2 1 1 1 1 1 2 1 2 2 1 1 1 2 1 1 2 2 1 2 2 2 2 1 2 1 2 2 2 2 2 2 1 1 1 2 1 2 2 2 1 1 2 2 1 1 2 1 2 1 1 1 1 2
43 13 9 0 
2 1 2 2 2 1 2 2 2 1 2 1 1 2 2 2 1 1 1 2 2 1 1 1 2 2 1 2 1 2 1 2 2 2 2 2 1 1 1 1 2 1 2 2 1 2 2 1 2 2 1 2 2 2 2 1 1 2 2 2
255 86 190 1 
1 2 2 1 2 2 2 2 1 1 1 1 1 2 1 2 1 2 1 2 1 1 2 2 2 2 2 2 1 1 2 2 2 1 2 2 2 2 1 1 1 2 2 2 2 2 2 2 1 2 2 1 2 2 1 1 1 1 2 1
17 1 3 0 
2 1 1 2 1 2 2 2 1 2 1 1 2 2 2 1 1 2 2 2 1 1 2 2 2 2 2 2 2 1 2 1 1 2 2 2 1 1 1 1 1 1 1 1 2 2 1 2 2 2 2 1 2 1 1 2 2 2 1 2
290 66 148 0 
2 2 1 1 2 2 1 1 1 1 1 1 1 1 1 1 1 2 1 1 2 2 1 1 2 2 1 1 1 1 1 1 2 1 2 2 1 2 1 1 1 2 1 2 2 2 1 1 1 2 1 1 2 1 2 1 2 2 1 1
125 84 11 1 
1 1 1 2 2 2 1 1 2 1 2 1 1 1 2 1 1 2 1 2 1 1 2 2 2 2 2 1 2 1 1 1 2 1 2 2 2 1 1 1 2 2 2 2 1 2 2 1 1 2 2 1 1 2 1 2 2 1 2 2
112 60 74 0 
2 1 2 1 2 2 1 2 2 2 1 1 1 1 1 2 2 1 2 1 2 2 2 1 1 2 2 1 2 1 1 2 2 2 2 2 1 1 1 1 2 1 2 2 1 1 1 1 2 1 1 1 1 1 2 1 2 1 2 2
108 103 8 0 
1 2 1 2 2 1 2 2 2 1 2 1 1 2 1 1 1 2 1 1 2 1 1 2 1 1 2 2 1 2 1 1 2 2 2 2 1 2 2 1 2 1 2 1 2 2 1 2 2 2 1 1 1 2 1 2 1 2 2 1
31 2 3 1 
2 1 1 1 2 2 2 1 2 1 2 1 1 1 2 2 1 1 1 1 2 1 1 1 2 1 1 2 1 2 1 1 2 2 2 2 1 1 1 1 2 1 2 2 1 2 2 1 1 2 2 1 1 2 2 2 2 2 2 2
10 2 3 1 
2 1 1 1 2 2 1 1 2 1 1 1 1 2 2 1 1 1 1 1 2 1 1 1 2 1 1 2 1 1 1 2 2 2 2 2 2 1 1 1 2 1 2 2 1 2 2 1 1 2 2 1 1 1 2 1 2 1 1 1
12 1 3 0 
2 1 2 2 1 2 2 2 1 2 1 1 2 2 2 2 1 1 1 1 1 1 2 2 1 2 2 2 2 1 2 2 2 2 2 2 2 1 1 1 1 1 1 2 2 2 1 2 2 2 2 1 2 1 1 1 2 1 2 2
274 125 11 0 
1 1 1 2 2 2 1 1 2 1 1 1 1 1 1 1 1 2 1 2 1 1 2 2 2 2 2 2 2 2 1 1 1 1 2 2 1 1 1 1 2 1 2 2 1 2 1 2 2 1 1 2 2 2 2 1 1 1 2 1
172 31 59 0 
1 1 1 1 2 2 1 1 1 1 1 1 1 2 2 1 1 2 1 2 1 1 1 2 1 2 2 2 1 2 1 1 2 1 2 2 1 2 1 2 2 2 2 1 1 2 2 2 1 2 2 2 1 1 2 1 2 1 2 2
168 118 37 1 
2 1 1 1 1 2 1 1 2 1 1 1 1 2 1 2 1 1 1 2 1 2 1 2 1 1 2 1 1 1 1 1 1 2 2 2 1 2 1 1 2 2 1 2 2 2 1 2 2 1 1 2 2 2 1 1 1 1 2 1
269 133 138 1 
1 2 1 1 2 2 2 1 2 1 1 1 1 1 2 1 2 2 2 2 2 1 2 2 1 2 1 2 1 1 1 2 1 2 2 2 1 2 1 1 2 2 2 2 1 2 2 2 2 2 1 1 1 2 2 2 1 2 2 2
128 67 32 1 
1 2 2 1 2 2 2 2 2 2 1 2 1 1 2 2 2 1 2 1 1 2 1 1 1 2 2 2 2 2 1 1 1 1 2 2 1 1 2 2 2 2 1 2 2 2 1 2 2 1 1 1 2 1 2 1 1 1 2 1
163 120 96 1 
2 2 2 2 2 2 2 2 2 2 2 1 1 1 2 1 1 1 2 1 2 1 2 1 2 2 2 2 2 1 1 2 1 2 2 2 1 1 2 2 2 2 2 2 2 2 1 2 2 1 2 2 2 1 1 1 1 1 2 1
56 22 6 0 
1 2 2 1 2 2 2 2 2 2 1 1 1 1 1 2 1 2 1 2 1 2 2 2 1 2 1 2 1 1 1 1 2 2 2 2 1 1 1 1 1 1 2 2 2 2 2 2 1 1 2 2 1 1 2 2 1 2 1 1
52 36 9 1 
1 1 1 2 2 2 1 2 1 1 1 1 1 2 1 2 2 1 1 1 1 1 1 1 1 2 2 2 2 2 1 2 1 2 2 2 1 1 2 1 2 1 1 1 2 2 1 1 2 2 1 2 1 2 2 1 2 1 2 1
296 68 32 0 
2 1 1 1 2 2 2 2 2 2 1 1 1 1 1 2 2 1 1 1 2 1 1 1 1 2 2 1 2 2 1 1 1 1 2 2 1 1 2 2 2 1 2 2 1 2 2 2 1 1 1 1 2 1 2 1 2 1 2 1
142 60 56 0 
1 2 2 1 2 2 1 2 2 2 1 1 1 1 1 2 2 2 2 2 2 2 2 2 1 2 2 1 2 1 2 1 2 2 2 2 2 1 1 1 1 1 1 2 2 2 1 2 2 1 1 2 2 1 2 2 2 2 2 1
153 93 132 1 
1 2 2 1 2 2 2 2 2 2 1 1 1 1 2 2 2 1 2 1 2 1 1 1 2 2 2 2 1 1 2 1 2 2 2 2 1 1 1 2 2 2 2 1 1 2 2 2 1 2 2 2 1 2 2 1 2 1 1 1
135 60 116 0 
2 1 1 2 2 1 2 1 2 2 1 1 1 1 1 2 2 1 2 1 2 1 2 1 1 1 1 2 1 1 1 1 2 2 2 2 1 1 1 1 2 2 2 1 2 2 1 2 2 2 1 1 2 2 2 1 2 1 2 2
80 36 42 1 
1 2 2 2 2 2 2 2 1 2 1 1 1 2 1 2 2 1 1 1 1 1 1 2 1 1 2 2 2 1 1 2 1 2 2 2 1 2 2 1 2 2 1 2 2 2 2 2 2 1 1 1 1 2 2 1 2 1 2 2
149 118 72 1 
1 1 1 2 2 2 2 2 2 1 1 2 1 1 1 2 1 1 1 2 1 1 1 2 1 2 2 2 1 1 1 1 1 1 2 2 1 1 1 1 2 1 1 2 2 2 1 1 2 2 1 1 2 1 1 2 1 2 2 1
87 31 8 1 
2 1 1 1 2 2 1 1 1 1 2 1 1 2 2 1 1 2 1 1 1 1 1 1 1 1 2 2 2 1 1 1 2 2 2 2 1 2 1 1 1 1 2 1 2 2 1 2 2 2 1 1 2 2 2 2 2 2 2 1
116 91 94 0 
2 1 1 2 2 1 2 1 1 2 1 1 1 1 2 2 1 1 2 1 1 1 1 1 1 1 2 2 2 1 1 1 2 2 2 2 1 1 2 1 2 2 2 1 2 2 1 2 1 2 2 1 1 2 2 1 2 1 1 2
200 22 63 0 
2 2 2 1 2 2 2 1 2 2 1 1 1 1 1 2 2 1 2 1 2 2 2 2 1 1 1 1 1 1 1 1 2 2 2 2 1 1 1 1 2 1 2 2 1 1 1 2 2 1 1 2 2 2 2 1 2 1 2 2
131 67 53 0 
1 1 2 2 2 2 2 2 2 1 1 1 1 1 2 2 2 2 2 2 1 1 1 1 1 2 2 2 2 2 1 1 1 2 2 2 1 1 2 2 2 2 1 2 2 2 1 1 2 1 1 2 2 2 1 1 1 1 1 1
99 39 42 0 
2 2 1 2 2 2 1 2 2 2 1 1 1 2 2 2 1 1 2 2 1 2 1 2 2 2 1 2 1 1 2 2 2 2 2 2 1 2 2 1 1 1 2 1 2 2 2 1 1 2 2 2 2 2 1 1 1 1 2 2
166 1 71 0 
2 2 1 1 1 2 2 2 1 2 1 2 2 1 2 1 1 1 2 1 1 1 1 1 1 1 2 2 2 1 2 2 2 2 2 2 2 1 1 1 1 1 1 2 2 2 1 2 2 2 2 1 2 1 1 2 1 1 2 1
167 10 122 0 
2 1 1 1 2 1 1 2 2 1 1 1 1 2 2 1 1 2 1 2 2 1 1 1 2 2 1 2 1 2 2 1 2 2 2 2 1 1 1 1 1 1 2 1 2 2 2 2 1 2 2 1 1 2 2 2 2 1 1 2
76 29 37 0 
1 1 2 1 2 2 1 1 1 1 1 1 1 2 2 2 1 1 2 1 2 2 2 1 2 2 2 1 1 1 1 1 1 2 2 2 1 1 1 1 1 2 2 2 2 2 1 2 2 1 1 2 1 2 1 1 1 1 1 1
145 81 15 1 
2 2 1 1 2 2 2 1 2 2 1 1 1 2 2 1 1 2 1 2 1 2 1 2 1 2 2 2 1 2 1 1 2 1 2 2 1 1 1 2 2 2 2 1 2 2 2 2 2 1 1 1 2 2 2 2 2 2 1 1
293 25 277 0 
1 1 1 1 1 2 1 2 1 2 1 1 1 2 2 2 1 1 2 2 1 1 1 2 1 1 2 1 2 1 1 1 1 2 2 2 1 1 1 1 2 1 2 2 1 2 1 2 2 2 1 1 1 1 1 1 2 1 2 1
202 125 135 0 
1 2 1 1 2 2 1 2 2 2 2 1 1 1 2 1 1 2 1 2 1 2 2 2 2 1 2 2 2 1 1 1 2 2 2 2 1 1 1 1 2 2 2 2 1 2 2 1 1 2 2 1 2 2 2 2 1 2 2 2
48 25 43 0 
1 2 1 2 2 1 1 2 1 1 1 2 2 2 1 2 2 1 2 2 1 1 2 1 2 2 2 1 2 1 2 1 1 2 2 2 1 1 1 1 1 2 1 2 1 1 2 2 2 2 1 1 1 2 1 2 2 1 2 2
70 49 47 0 
1 1 2 1 2 2 2 2 1 1 1 1 1 1 2 1 1 1 1 1 1 2 1 1 1 1 2 2 2 2 1 1 1 1 2 2 1 1 2 2 2 2 2 2 2 1 2 2 1 1 1 1 2 1 2 2 2 2 2 1
6 2 3 0 
2 1 1 2 2 2 2 2 2 2 2 1 1 1 1 2 1 2 1 2 2 1 1 2 2 2 1 2 1 1 1 2 2 2 2 2 2 1 1 1 2 1 2 2 2 2 2 2 1 2 2 1 1 1 2 1 2 1 1 1
127 93 92 0 
1 1 2 2 2 2 2 2 2 1 1 1 1 2 2 1 2 2 2 2 2 1 2 2 1 1 2 1 2 2 1 2 2 1 2 2 1 1 1 1 2 1 2 2 2 1 2 2 1 2 2 2 2 2 1 2 2 2 1 1
265 79 231 0 
1 1 2 1 2 2 1 1 2 1 1 1 1 2 2 1 1 2 1 1 1 2 1 1 1 1 2 2 2 2 1 1 2 2 2 2 1 1 1 1 2 1 2 1 2 2 1 1 2 2 1 1 2 2 1 2 1 2 1 2
147 23 11 0 
1 2 2 1 2 2 2 1 1 2 1 2 2 1 1 1 2 2 1 2 2 1 1 2 2 2 1 2 1 2 1 1 2 1 2 2 2 2 2 1 2 2 2 2 2 2 2 1 1 2 2 1 1 2 1 2 1 2 1 2
106 18 15 0 
1 2 1 1 2 2 2 1 2 1 1 1 1 2 1 1 2 2 2 2 1 1 2 2 2 2 2 2 1 2 2 1 2 2 2 2 1 1 2 2 2 2 1 2 2 2 2 2 2 2 1 1 2 2 2 1 2 1 2 1
51 13 9 0 
2 2 2 2 2 1 2 2 2 1 1 1 1 2 2 2 1 1 1 1 2 1 1 1 2 1 1 2 1 2 1 1 2 1 2 2 1 1 1 1 2 1 2 2 1 2 2 2 1 2 2 2 2 2 1 1 2 2 2 2
229 216 207 0 
2 1 1 2 2 2 1 2 2 1 1 2 1 1 1 2 2 1 2 1 2 2 2 1 1 1 2 2 1 1 1 1 1 1 2 2 1 1 1 1 1 1 2 2 2 1 1 1 1 2 2 1 2 1 2 2 2 2 2 2
167 10 122 0 
2 1 1 1 2 1 1 2 2 1 1 1 1 2 2 1 1 2 1 2 2 1 1 1 2 2 1 2 1 2 2 1 2 2 2 2 1 1 1 1 1 1 2 1 2 2 2 2 1 2 2 1 1 2 2 2 2 1 1 2
291 7 160 1 
2 2 1 1 1 2 2 1 1 1 1 1 2 1 2 1 2 2 2 2 1 1 2 2 1 2 2 2 1 2 2 2 2 2 2 2 2 1 1 1 1 1 1 1 2 2 2 2 2 1 1 1 2 2 1 1 1 1 1 2
196 84 78 0 
1 1 1 1 2 2 1 2 1 1 1 1 1 2 2 2 1 2 1 2 2 2 1 2 2 2 2 2 2 2 1 2 2 2 2 2 2 1 1 1 2 1 2 1 1 2 2 1 1 2 2 2 1 2 2 2 1 2 2 1
169 22 45 1 
2 1 1 1 2 2 2 2 2 2 1 1 1 1 1 2 1 1 1 1 1 2 2 2 2 1 2 1 1 1 1 1 2 1 2 2 1 1 1 2 2 2 2 1 1 2 2 1 1 2 2 1 1 2 2 2 1 2 2 2
85 29 15 1 
1 2 1 1 2 2 1 1 1 2 1 1 1 2 2 1 2 2 2 2 1 2 2 2 2 1 2 1 2 1 1 1 1 2 2 2 1 2 1 1 1 2 2 2 2 1 1 2 2 1 1 2 1 2 1 1 1 1 1 1
33 4 9 1 
1 1 1 2 2 1 1 2 2 1 1 1 2 2 2 2 1 1 1 2 1 1 1 1 2 1 1 2 1 2 1 1 1 1 2 2 1 1 2 1 2 1 1 1 2 2 1 2 2 2 1 1 2 1 2 1 2 1 2 1
162 31 69 1 
2 1 1 1 2 2 1 2 1 1 1 1 1 1 2 2 1 1 1 1 1 1 1 2 2 1 1 2 1 2 1 1 2 2 2 2 1 1 1 2 2 2 2 2 1 1 1 2 2 1 1 1 2 2 2 1 2 1 2 2
133 22 113 1 
2 1 1 2 2 2 2 1 2 1 1 1 1 1 1 2 2 1 2 2 2 1 2 2 1 2 1 2 1 1 2 1 2 1 2 2 1 1 1 1 1 2 2 2 1 2 2 2 1 2 1 1 1 1 2 1 1 1 2 1
135 60 116 0 
2 1 1 2 2 1 2 1 2 2 1 1 1 1 1 2 2 1 2 1 2 1 2 1 1 1 1 2 1 1 1 1 2 2 2 2 1 1 1 1 2 2 2 1 2 2 1 2 2 2 1 1 2 2 2 1 2 1 2 2
48 25 43 0 
1 2 1 2 2 1 1 2 1 1 1 2 2 2 1 2 2 1 2 2 1 1 2 1 2 2 2 1 2 1 2 1 1 2 2 2 1 1 1 1 1 2 1 2 1 1 2 2 2 2 1 1 1 2 1 2 2 1 2 2
208 26 72 1 
1 1 2 1 2 2 2 1 2 2 1 2 1 1 1 2 2 1 2 2 2 1 1 2 2 2 2 2 1 2 1 2 1 1 2 2 1 1 1 1 2 1 2 2 2 2 2 1 2 2 2 1 2 2 1 2 2 2 2 1
180 149 137 1 
1 1 1 2 2 1 2 1 1 1 2 1 1 2 1 2 1 1 2 1 1 1 1 1 2 2 2 2 1 2 1 2 1 2 2 2 1 1 1 1 1 1 2 1 2 2 1 2 2 2 1 1 2 2 2 1 1 2 2 2
260 243 15 1 
1 2 2 1 2 2 2 1 2 1 1 1 2 2 1 1 2 2 2 2 2 1 2 2 2 2 2 1 2 1 1 1 1 1 2 2 1 1 2 2 2 2 2 1 2 2 2 2 1 2 2 1 1 2 2 1 1 1 1 1
262 54 234 1 
1 2 1 2 2 1 1 2 1 1 1 1 1 2 1 1 2 1 2 1 1 1 2 1 2 1 2 2 1 1 2 1 2 1 2 2 1 1 1 1 1 2 1 1 2 2 2 1 2 2 2 1 2 2 1 1 2 1 1 2
71 10 6 0 
2 2 1 1 2 2 1 2 2 2 1 2 1 1 1 2 1 2 1 2 1 1 1 1 1 2 2 2 1 1 2 1 2 2 2 2 1 1 1 1 1 1 2 2 2 2 1 2 2 2 1 2 1 1 2 1 2 1 1 1
43 13 9 0 
2 1 2 2 2 1 2 2 2 1 2 1 1 2 2 2 1 1 1 2 2 1 1 1 2 2 1 2 1 2 1 2 2 2 2 2 1 1 1 1 2 1 2 2 1 2 2 1 2 2 1 2 2 2 2 1 1 2 2 2
270 195 231 1 
1 1 2 1 2 2 2 1 1 1 2 1 1 2 1 2 1 1 1 1 1 1 2 1 1 1 2 2 1 2 1 1 2 2 2 2 2 1 1 1 1 2 2 1 2 2 1 1 2 2 1 1 1 2 1 2 1 2 2 2
114 35 62 0 
2 2 1 1 2 2 2 1 2 1 1 1 1 1 2 2 1 1 2 2 2 1 1 2 1 2 1 2 1 1 1 1 1 2 2 2 1 2 2 1 1 2 2 2 2 1 1 2 2 1 1 2 1 1 1 1 1 1 2 1
264 21 218 0 
1 1 2 1 2 2 1 1 1 2 1 1 1 2 2 1 1 2 2 2 2 1 1 2 1 2 1 2 2 1 1 2 1 2 2 2 1 2 1 1 2 2 2 1 1 2 2 1 1 2 2 1 1 1 2 1 2 1 1 1
198 39 73 0 
1 2 2 1 2 2 2 1 2 1 1 1 1 1 2 2 1 1 2 2 1 1 2 1 2 2 2 1 1 2 2 1 2 1 2 2 1 1 2 2 1 2 2 2 2 2 1 2 1 1 2 1 1 1 2 1 2 1 1 2
199 87 159 1 
2 1 1 1 2 2 1 1 1 2 2 1 1 1 1 2 2 1 1 1 1 2 1 1 1 1 2 2 2 2 1 1 2 2 2 2 2 1 1 1 1 1 1 2 2 2 2 2 2 2 1 1 2 2 2 1 2 1 2 2
32 23 6 0 
1 2 1 1 2 2 2 2 2 2 1 2 1 1 2 1 1 1 1 1 1 2 2 1 2 2 2 1 2 1 1 1 1 2 2 2 1 1 2 1 2 1 2 2 2 2 2 2 1 1 2 1 1 1 1 1 1 1 1 1
194 35 43 1 
2 2 1 2 2 2 2 2 2 2 1 1 1 2 2 2 1 1 1 1 2 2 1 1 1 2 1 1 1 1 1 1 1 2 2 2 1 1 1 1 1 1 2 2 2 1 1 2 2 2 1 1 1 2 1 2 1 1 2 2
203 107 59 0 
1 2 1 1 2 2 2 1 1 1 1 1 2 1 1 1 2 2 1 2 2 1 1 2 2 2 1 2 2 2 1 1 2 1 2 2 1 1 1 1 1 1 2 2 2 2 2 1 1 2 2 2 1 2 2 1 2 1 2 2
183 29 12 0 
1 2 2 2 2 1 2 2 1 1 1 1 1 2 2 2 2 1 2 1 1 1 2 2 2 2 2 2 1 1 1 2 1 2 2 2 1 1 1 1 1 1 2 1 2 2 1 1 2 2 1 2 1 2 1 1 1 2 1 2
159 117 69 0 
1 2 1 1 2 2 2 1 1 2 1 1 1 1 2 2 1 1 1 1 2 2 1 1 2 1 1 2 1 2 1 1 2 1 2 2 1 1 1 2 1 2 2 2 2 2 2 2 2 2 2 1 2 2 1 1 1 1 2 2
302 24 175 0 
1 1 2 1 2 2 2 2 2 2 1 2 2 1 1 1 1 2 1 2 1 1 1 2 1 2 2 2 2 1 2 1 2 2 2 2 1 2 1 1 1 2 1 2 2 2 1 2 2 1 1 2 2 2 2 1 2 1 1 1
253 60 129 0 
1 2 2 1 2 2 1 1 2 1 1 1 1 1 1 1 2 2 2 2 2 2 2 2 1 1 1 1 1 2 1 1 2 1 2 2 1 1 1 1 2 2 2 2 1 1 2 2 2 1 1 2 2 1 2 1 2 1 2 2
175 28 92 0 
1 2 1 2 2 2 1 2 2 1 2 1 1 2 1 1 2 2 2 2 1 1 2 2 1 2 1 2 1 1 2 1 2 2 2 2 2 1 1 1 2 1 2 1 2 2 2 1 1 2 2 2 2 2 1 2 1 2 1 1
204 195 114 0 
1 2 2 1 2 2 2 1 2 1 2 1 1 1 1 2 1 1 1 2 2 2 1 1 1 2 2 2 1 1 1 1 1 1 2 2 1 2 1 1 2 1 2 2 2 2 1 1 2 2 1 2 1 1 1 1 1 1 2 1
25 21 17 1 
1 1 1 1 2 1 1 2 1 1 1 1 1 2 2 1 1 2 2 2 1 1 1 2 1 2 2 2 2 2 1 2 2 1 2 2 1 1 1 1 2 1 2 1 1 2 2 1 2 2 1 1 1 1 1 2 2 2 1 2
110 7 27 1 
1 1 1 2 1 2 1 2 1 2 1 1 2 2 1 2 2 1 2 2 1 2 1 2 2 1 2 1 1 1 1 1 1 2 2 2 1 1 1 1 1 1 1 2 2 2 1 2 2 2 1 2 2 2 1 2 1 1 1 2
292 232 116 1 
1 2 2 1 2 2 2 2 2 2 2 1 1 1 2 2 1 1 2 2 1 1 1 1 1 1 2 2 2 1 1 1 2 2 2 2 1 1 1 1 1 2 1 1 1 2 2 1 2 1 1 2 2 2 2 1 1 1 1 2
23 2 3 1 
2 1 1 2 2 2 2 2 2 1 1 1 1 2 2 1 1 2 1 2 2 1 1 2 2 2 1 2 1 2 1 1 2 1 2 2 2 1 1 2 2 2 2 2 2 2 2 1 1 2 2 1 1 1 1 1 1 1 1 1
220 10 43 1 
2 2 1 2 2 2 1 2 2 2 1 2 1 1 2 2 1 1 1 1 1 2 1 1 1 2 2 1 1 1 1 1 2 2 2 2 1 1 1 1 1 2 2 2 2 1 1 1 2 2 1 2 1 2 1 1 1 1 1 2
180 149 137 1 
1 1 1 2 2 1 2 1 1 1 2 1 1 2 1 2 1 1 2 1 1 1 1 1 2 2 2 2 1 2 1 2 1 2 2 2 1 1 1 1 1 1 2 1 2 2 1 2 2 2 1 1 2 2 2 1 1 2 2 2
235 13 203 0 
2 2 1 1 2 2 2 2 2 1 2 1 1 2 2 1 1 2 1 1 2 2 1 1 2 2 1 1 1 2 1 1 1 1 2 2 1 1 1 1 2 1 2 2 1 2 2 1 1 1 1 2 2 2 1 1 1 1 2 2
126 118 73 1 
2 2 1 1 2 2 2 1 2 2 2 1 1 1 2 2 1 1 1 2 1 2 1 1 1 1 2 2 1 2 1 1 1 2 2 2 1 1 1 2 2 2 1 2 2 2 1 1 2 1 1 2 2 1 1 2 1 2 2 2
195 89 108 1 
1 1 2 1 2 2 2 2 1 2 1 2 1 1 2 1 1 1 1 1 2 1 1 2 2 1 2 2 1 1 1 1 1 2 2 2 2 1 1 1 2 1 2 2 2 2 1 1 2 2 1 1 1 1 1 1 1 1 2 2
140 26 51 1 
1 2 2 2 2 2 2 2 2 2 1 1 1 2 2 2 1 1 2 1 2 1 1 1 2 1 2 2 1 2 1 1 1 1 2 2 1 1 1 1 1 1 1 2 2 2 1 2 2 2 2 2 1 2 1 1 1 2 1 2
102 33 59 0 
1 2 2 1 2 2 1 1 2 1 1 1 2 1 2 2 1 2 1 2 1 2 1 2 2 2 1 2 1 2 1 1 1 1 2 2 1 2 1 2 1 2 1 2 2 2 2 2 2 2 1 2 2 2 2 1 2 2 2 1
148 111 64 0 
2 2 1 1 2 2 1 1 1 1 1 1 2 1 1 1 2 2 2 1 1 2 2 1 2 2 2 1 2 1 1 1 1 2 2 2 2 1 2 1 2 2 1 2 2 2 1 1 2 2 1 1 1 1 1 1 2 2 1 2
284 245 56 0 
2 1 1 2 2 2 2 2 2 2 1 1 1 1 2 2 1 2 2 2 2 2 2 2 1 2 2 2 1 1 1 1 1 2 2 2 1 1 1 1 2 1 1 2 2 2 2 2 1 1 2 2 2 1 1 2 1 1 2 1
115 31 92 0 
1 2 1 1 2 1 1 2 1 1 2 1 1 2 2 1 1 2 1 1 2 1 1 2 2 2 1 2 1 2 1 1 2 1 2 2 1 1 1 1 2 1 2 2 2 1 2 2 1 2 2 1 1 2 2 2 2 2 2 1
187 41 141 1 
1 1 2 1 2 2 2 1 2 1 2 1 1 1 1 1 2 2 2 2 2 1 2 2 1 2 2 2 1 2 2 2 2 2 2 2 1 2 1 2 1 2 2 1 2 2 1 2 2 2 1 1 2 2 2 1 2 1 1 2
221 150 48 1 
2 1 1 1 2 2 1 1 1 1 1 1 2 2 2 2 1 1 2 2 1 1 2 1 1 2 2 1 1 1 2 1 2 2 2 2 2 1 1 1 1 2 1 2 2 1 1 2 2 2 1 1 2 2 2 2 1 1 2 2
257 18 112 1 
1 1 1 2 1 2 2 1 1 2 1 1 1 1 1 1 2 2 2 2 1 2 2 2 2 1 2 2 1 2 2 1 2 2 2 2 2 1 1 1 1 1 1 2 2 1 1 1 2 1 2 1 2 1 1 1 2 1 1 2
104 7 64 0 
1 2 2 1 2 2 1 1 1 1 1 1 2 1 1 1 2 2 2 1 1 2 1 1 2 2 2 1 1 1 1 1 2 2 2 2 2 2 2 1 2 2 1 1 2 2 2 1 2 2 1 1 2 2 2 1 1 1 2 2
268 220 246 0 
2 2 2 1 2 2 2 2 2 2 2 1 1 1 2 1 1 2 1 1 2 1 1 1 2 1 1 2 1 1 1 1 2 2 2 2 1 1 1 1 2 1 2 2 1 1 1 2 2 2 1 1 1 2 1 2 1 2 1 2
194 35 43 1 
2 2 1 2 2 2 2 2 2 2 1 1 1 2 2 2 1 1 1 1 2 2 1 1 1 2 1 1 1 1 1 1 1 2 2 2 1 1 1 1 1 1 2 2 2 1 1 2 2 2 1 1 1 2 1 2 1 1 2 2
64 4 59 0 
2 2 1 1 2 2 1 1 1 1 1 1 2 1 1 1 2 2 1 2 2 1 1 2 2 2 1 2 1 2 1 1 2 1 2 2 1 2 1 2 2 2 1 2 2 2 1 1 2 2 1 1 2 1 2 1 2 1 2 2
88 75 62 1 
1 2 2 1 2 2 2 1 2 2 1 1 1 2 2 2 2 1 1 2 1 1 2 2 2 2 1 2 1 1 2 2 2 2 2 2 1 2 1 1 1 2 2 2 2 1 1 2 2 1 2 2 1 2 1 1 2 1 1 1
222 29 42 1 
1 1 2 1 2 2 2 1 1 2 1 1 1 2 2 1 2 2 2 2 1 2 2 2 2 1 2 2 2 1 1 2 1 2 2 2 1 2 1 1 1 2 2 1 2 2 1 2 2 1 1 1 1 2 1 1 1 1 1 2
14 2 3 1 
2 1 1 2 2 2 1 1 2 2 2 1 1 1 1 2 2 1 2 1 2 1 2 1 1 1 1 2 1 2 1 1 2 1 2 2 1 1 1 2 2 2 2 1 1 2 2 2 1 2 2 1 2 2 1 2 2 2 1 2
205 28 123 0 
1 1 1 1 2 2 1 1 2 2 1 2 1 1 2 1 2 1 2 1 1 2 2 1 1 2 1 2 1 2 1 1 2 1 2 2 2 1 1 2 2 2 2 2 2 2 2 2 1 1 1 1 2 1 1 1 2 1 1 1
283 193 229 0 
1 2 1 1 2 2 2 2 1 1 1 2 2 1 1 2 2 2 2 2 1 2 1 1 1 1 1 2 1 1 2 1 2 1 2 2 2 1 1 1 2 1 2 2 2 2 2 1 1 2 2 1 2 1 2 2 2 2 2 2
44 1 16 1 
2 1 1 1 1 2 2 1 1 1 1 1 2 1 2 2 1 1 1 2 1 1 2 2 1 2 2 2 2 1 2 1 2 2 2 2 2 2 1 1 1 2 1 2 2 2 1 1 2 2 1 1 2 1 2 1 1 1 1 2
149 118 72 1 
1 1 1 2 2 2 2 2 2 1 1 2 1 1 1 2 1 1 1 2 1 1 1 2 1 2 2 2 1 1 1 1 1 1 2 2 1 1 1 1 2 1 1 2 2 2 1 1 2 2 1 1 2 1 1 2 1 2 2 1
