1
30
L0 L1 L2 L3 L4 L5 L6 L7 L8 L9 L10 L11 L12 L13 L14 L15 L16 L17 L18 L19 L20 L21 L22 L23 L24 L25 L26 L27 L28 L29

1
606
26 17 2 0 
2 1 2 1 1 2 1 1 1 1 1 2 2 2 2 2 1 2 2 1 1 1 1 2 2 1 1 2 2 1 1 1 2 2 2 2 1 2 1 1 2 1 1 2 2 2 2 1 1 2 2 2 1 2 2 2 2 2 1 2
259 240 150 0 
1 1 2 2 1 2 1 1 2 2 2 2 1 1 1 1 1 2 1 2 1 1 1 1 2 1 2 2 1 2 1 1 2 2 2 2 2 2 2 2 2 1 2 1 2 2 1 1 1 2 1 1 2 2 1 2 2 2 2 2
217 14 16 1 
1 1 1 1 2 1 1 1 1 1 2 2 2 2 2 2 1 1 1 1 1 1 1 1 1 2 2 1 1 2 1 1 2 2 2 1 2 2 1 1 1 2 2 1 2 2 1 1 1 2 1 2 2 2 1 1 2 2 1 2
286 43 82 0 
2 2 2 2 2 2 1 1 2 2 2 2 2 1 2 2 1 2 1 2 1 1 1 1 2 2 1 2 2 2 1 1 2 2 2 2 2 1 1 2 2 1 1 1 2 2 1 1 1 2 1 2 2 2 2 1 2 2 2 2
176 49 67 1 
1 1 2 2 1 2 2 1 1 1 2 2 2 2 1 1 2 2 1 1 2 2 1 1 1 1 2 2 1 2 1 1 2 2 2 1 2 2 1 1 1 1 1 2 1 2 1 1 2 2 2 1 2 2 1 1 2 2 2 2
99 81 16 1 
1 1 1 1 2 2 1 1 1 2 2 2 2 2 1 2 1 2 2 2 1 1 1 1 1 1 2 2 2 2 1 1 2 2 2 2 1 1 1 1 1 2 2 1 1 2 1 1 2 1 2 1 1 2 1 1 2 2 2 2
219 81 164 0 
1 2 1 2 2 2 1 1 2 2 1 2 2 2 1 2 2 2 2 1 1 1 1 1 1 1 2 2 2 2 1 1 2 2 1 2 2 2 2 1 2 2 2 1 2 2 1 1 1 2 1 1 2 2 2 2 2 2 2 2
18 3 2 1 
1 2 2 2 1 1 2 1 2 2 2 2 2 1 1 1 2 1 1 1 2 1 1 1 1 1 1 2 1 2 1 1 2 2 1 2 2 2 2 1 2 1 2 2 2 2 1 1 2 2 2 2 2 2 1 2 2 2 2 1
190 48 147 1 
1 1 2 2 2 2 1 1 2 2 2 2 2 2 1 1 1 2 1 2 1 1 2 1 1 1 2 2 1 2 1 1 2 2 2 2 1 2 1 1 2 1 1 2 1 1 2 1 1 1 1 2 2 2 2 2 2 2 2 2
39 17 6 0 
2 2 2 1 2 2 2 1 1 1 1 2 2 2 2 1 2 1 2 1 1 1 1 1 1 2 2 1 2 2 1 1 2 2 1 1 2 2 2 1 2 2 2 2 1 1 1 2 1 1 1 1 2 2 1 2 2 2 1 2
282 197 71 0 
1 2 2 2 2 2 1 1 2 2 2 2 2 2 2 2 1 1 1 1 1 1 2 2 1 1 2 2 2 2 2 1 2 2 2 2 2 2 1 1 1 1 2 2 2 2 1 1 1 2 2 2 2 2 1 1 2 2 2 1
134 35 121 1 
1 2 1 2 1 1 1 1 2 1 1 2 1 2 1 1 1 1 1 1 1 1 2 1 2 1 1 2 2 2 2 1 2 2 2 2 2 2 1 1 2 1 1 1 2 2 1 1 2 2 1 2 1 2 1 2 2 2 2 2
163 51 84 0 
1 2 1 1 2 1 1 1 2 2 2 2 1 2 2 2 2 1 2 1 1 2 1 1 1 1 1 1 2 2 1 1 2 2 1 2 2 2 2 1 1 2 1 1 2 2 2 1 2 2 1 1 2 2 1 2 2 2 2 2
287 44 150 0 
2 1 1 2 1 2 1 1 2 1 2 2 2 2 1 2 2 1 1 2 2 1 1 1 1 1 2 2 1 2 1 1 2 2 1 2 2 1 1 1 2 2 2 1 2 1 1 1 1 2 1 2 2 2 2 2 2 2 2 2
152 51 26 0 
2 2 2 2 2 1 1 1 1 1 2 2 2 2 2 2 2 2 2 1 1 1 1 2 1 2 2 2 2 2 1 1 2 2 2 2 2 1 1 1 1 2 1 1 1 2 1 1 1 2 1 2 1 1 1 2 2 2 2 1
12 1 2 1 
1 2 1 2 2 2 1 1 2 2 2 2 2 1 2 1 2 1 2 1 1 1 1 2 2 1 1 2 2 2 1 1 2 2 2 2 2 1 1 1 2 2 1 1 2 1 1 1 1 2 1 2 2 2 2 1 2 2 2 1
42 11 15 0 
1 2 1 2 1 2 1 1 2 1 2 2 1 2 1 1 2 2 2 2 1 1 1 1 2 1 2 2 2 2 1 1 2 2 2 1 2 2 2 2 1 2 1 2 2 2 1 1 2 1 2 1 2 2 2 1 2 2 1 2
110 45 40 1 
2 1 2 2 2 1 1 1 1 2 2 1 2 1 2 1 2 1 2 1 1 1 1 1 1 2 2 1 2 1 1 1 2 2 1 2 2 2 1 2 1 1 2 1 2 2 1 1 2 1 2 1 2 2 1 2 2 2 2 2
63 14 16 1 
1 1 1 1 2 1 1 1 1 1 2 2 2 2 1 2 1 2 1 2 1 1 2 1 1 1 2 2 2 2 2 1 2 2 2 1 2 2 1 1 2 2 1 1 2 2 1 1 2 1 1 1 2 2 2 1 2 2 1 2
15 3 2 0 
2 2 2 2 2 2 2 1 1 1 1 2 2 2 1 1 2 1 2 1 1 1 1 1 1 1 2 2 1 2 1 1 2 2 1 2 2 2 2 1 2 1 2 2 2 2 1 1 2 1 2 1 2 2 1 2 2 2 2 2
189 11 181 1 
1 2 1 2 2 1 1 1 2 1 2 2 1 2 1 2 1 2 1 1 1 2 1 1 1 1 2 2 2 2 1 2 2 2 2 1 1 2 2 1 2 2 1 1 1 1 1 1 2 1 2 2 2 2 1 1 2 2 1 2
80 12 39 0 
2 2 2 2 2 2 1 1 2 1 2 2 1 2 1 2 1 2 1 2 1 1 2 1 2 2 1 1 2 2 1 1 2 2 2 1 1 2 1 2 2 2 1 2 2 1 1 2 1 1 1 1 2 2 2 2 2 2 2 2
21 1 2 1 
2 2 2 1 2 2 1 1 2 1 2 2 1 1 2 1 2 1 2 1 1 1 1 1 2 1 1 2 2 1 2 1 2 2 2 2 2 2 2 1 1 1 1 2 2 2 1 1 2 1 1 1 2 2 2 2 2 2 2 2
91 51 79 1 
2 1 2 2 1 2 1 1 2 2 2 1 1 2 2 2 2 1 2 1 1 1 1 1 1 2 1 1 2 2 1 1 2 2 2 2 2 2 1 1 1 2 1 1 1 2 2 1 2 2 1 1 2 2 1 1 2 2 1 2
12 1 2 1 
1 2 1 2 2 2 1 1 2 2 2 2 2 1 2 1 2 1 2 1 1 1 1 2 2 1 1 2 2 2 1 1 2 2 2 2 2 1 1 1 2 2 1 1 2 1 1 1 1 2 1 2 2 2 2 1 2 2 2 1
49 20 27 1 
1 2 2 2 1 2 2 1 1 2 2 2 2 2 1 1 2 2 2 1 1 2 1 1 1 1 2 2 1 1 1 1 2 2 2 2 2 2 1 1 1 1 2 1 2 1 1 1 2 2 2 2 2 1 1 1 2 2 1 2
134 35 121 1 
1 2 1 2 1 1 1 1 2 1 1 2 1 2 1 1 1 1 1 1 1 1 2 1 2 1 1 2 2 2 2 1 2 2 2 2 2 2 1 1 2 1 1 1 2 2 1 1 2 2 1 2 1 2 1 2 2 2 2 2
231 155 167 1 
2 1 2 1 1 2 1 1 1 1 1 1 2 2 1 1 1 1 2 2 1 1 1 1 1 2 2 1 2 2 1 1 2 2 1 2 2 2 1 1 2 2 1 1 2 1 1 1 2 2 1 2 2 2 2 1 2 2 2 2
21 1 2 1 
2 2 2 1 2 2 1 1 2 1 2 2 1 1 2 1 2 1 2 1 1 1 1 1 2 1 1 2 2 1 2 1 2 2 2 2 2 2 2 1 1 1 1 2 2 2 1 1 2 1 1 1 2 2 2 2 2 2 2 2
129 17 86 0 
2 2 2 1 2 1 2 1 1 1 2 2 2 2 2 2 2 2 2 1 1 2 1 1 1 1 1 2 2 2 1 1 2 2 1 2 2 2 2 1 2 2 2 1 2 2 2 1 1 1 2 1 2 2 2 2 2 2 1 2
148 28 72 1 
1 2 2 2 2 2 2 1 2 2 2 2 2 1 1 1 2 1 1 1 2 1 1 1 1 2 2 1 1 2 1 2 2 2 2 2 2 2 1 2 1 1 2 2 2 1 1 2 2 1 2 1 2 2 1 1 2 2 2 1
215 124 173 0 
2 2 2 2 2 2 1 1 2 2 2 1 2 1 2 1 2 1 2 2 2 1 1 1 2 1 1 2 2 2 1 1 2 2 2 2 2 2 1 1 2 2 2 2 2 1 1 2 1 2 2 2 2 1 1 1 2 2 2 2
198 133 25 1 
2 2 2 2 1 2 2 1 2 2 2 2 2 2 2 2 1 1 2 1 1 1 1 2 1 1 2 2 2 1 1 1 2 2 2 2 2 1 1 1 1 2 1 1 1 1 2 2 1 1 1 2 2 2 2 1 2 2 2 2
244 14 224 1 
2 2 2 2 2 1 1 2 1 1 2 1 2 2 1 1 1 1 1 2 1 1 2 1 1 2 1 1 2 2 2 1 2 2 2 1 2 2 1 1 1 2 2 1 2 2 1 1 2 2 1 2 2 2 2 1 2 2 2 2
284 43 42 1 
2 1 2 2 2 2 1 1 2 2 2 2 1 2 2 1 1 2 1 2 1 1 1 1 1 2 2 2 2 2 1 1 2 2 1 1 2 2 1 2 2 1 1 1 1 2 1 1 1 1 1 1 1 2 1 1 2 2 2 1
276 115 32 0 
1 2 2 1 2 2 1 1 2 2 2 2 2 2 2 1 2 1 2 2 1 2 1 1 2 1 2 2 2 1 1 1 2 2 2 2 2 2 1 1 1 1 1 2 1 2 1 1 2 1 1 2 2 2 2 2 2 2 1 2
269 12 235 1 
2 2 2 1 2 2 1 1 2 2 2 2 2 2 2 2 2 2 2 2 1 1 2 2 1 1 2 2 2 1 1 1 2 2 2 2 2 2 1 1 2 1 1 2 1 2 1 1 1 2 1 2 2 2 2 2 2 2 1 2
164 110 135 0 
2 2 2 2 2 2 1 1 1 2 2 2 2 2 2 2 2 2 2 1 1 1 1 1 1 1 2 2 2 1 1 1 2 2 2 2 2 2 2 1 1 2 1 1 2 2 1 1 1 2 1 1 2 2 1 2 2 2 2 2
226 93 74 1 
2 1 2 1 1 2 1 1 1 2 1 2 1 2 2 2 2 2 2 1 1 1 1 1 2 2 2 1 1 2 1 1 2 2 1 1 2 2 2 1 1 2 1 1 1 2 2 1 2 2 1 2 1 1 1 1 2 2 2 2
9 1 2 0 
1 2 1 2 2 2 1 1 2 2 2 2 2 2 2 2 1 2 1 2 1 1 1 1 2 1 1 2 2 2 2 1 2 2 2 2 2 1 2 1 2 2 1 1 2 1 1 1 1 2 1 2 2 2 1 1 2 2 2 1
174 126 39 0 
2 2 1 1 2 2 1 1 1 1 2 2 1 2 2 1 1 1 1 1 1 1 1 1 2 2 1 1 2 2 1 1 2 2 1 1 2 2 1 2 2 2 1 2 1 1 1 2 2 1 2 1 2 2 2 1 2 2 2 1
70 19 7 1 
1 2 1 2 2 2 2 1 1 2 2 2 2 1 1 2 2 2 1 2 2 1 1 1 2 2 2 1 2 2 1 2 2 2 2 2 1 2 1 1 2 2 1 2 1 1 1 1 2 1 2 1 1 2 1 1 2 2 2 2
144 58 71 0 
2 2 1 2 2 2 1 1 2 2 2 2 2 2 2 1 2 1 2 2 1 1 1 1 1 1 2 2 2 2 1 1 2 2 2 2 2 2 1 1 1 1 1 2 1 2 1 1 2 1 2 2 2 2 1 1 2 2 1 2
222 66 104 1 
1 2 2 2 1 2 2 1 2 2 2 2 2 2 1 2 1 2 2 1 1 1 1 1 1 1 1 2 2 2 1 1 2 2 1 1 2 2 1 2 2 2 1 2 1 2 1 1 2 2 2 1 2 2 1 2 2 2 2 2
6 3 2 0 
2 2 2 1 1 2 2 1 2 1 2 2 2 2 1 2 1 1 2 1 1 1 1 1 2 1 1 2 2 2 1 1 2 2 1 2 2 1 1 1 1 2 2 2 1 1 2 1 1 1 2 1 1 2 1 2 2 2 2 2
253 220 164 1 
1 2 1 2 2 2 2 1 1 2 2 2 2 2 2 2 2 2 1 1 2 1 2 1 1 1 2 2 1 1 1 1 2 2 2 2 2 2 2 2 2 1 1 1 1 2 1 1 1 1 1 1 2 2 2 2 2 2 2 2
51 8 34 1 
1 2 1 2 2 1 1 1 1 2 2 2 2 1 2 2 2 2 2 2 1 1 1 1 1 1 1 2 2 2 1 1 2 2 1 2 2 2 1 2 1 1 1 1 1 2 2 1 2 1 1 1 2 1 1 1 2 2 1 2
212 70 122 1 
2 2 2 2 2 1 1 1 1 2 2 2 2 2 2 1 2 1 2 1 1 2 1 1 2 1 2 1 2 1 2 1 2 2 2 1 2 2 1 1 2 1 2 2 1 2 1 1 2 1 2 2 2 2 1 1 2 2 2 2
75 43 4 0 
2 1 2 1 2 2 1 1 1 2 2 2 2 2 2 2 1 2 1 1 1 1 1 1 1 2 2 1 2 2 1 2 2 2 2 2 2 2 2 2 2 1 1 1 1 1 1 1 1 2 1 1 1 2 1 2 2 2 2 1
24 20 13 1 
2 1 2 2 1 2 2 1 1 2 2 2 2 1 2 1 2 1 2 1 1 1 1 1 1 1 2 2 2 2 1 1 2 2 2 2 2 2 1 2 1 1 2 1 2 2 1 1 2 1 2 1 2 2 1 2 2 2 2 2
88 52 2 0 
1 2 1 1 2 2 1 1 1 2 2 2 2 1 1 1 2 2 1 1 2 1 2 2 1 1 2 2 2 1 1 1 2 2 2 2 1 2 1 1 2 2 1 1 2 2 1 1 1 2 2 1 1 2 1 1 2 2 1 2
47 12 36 1 
1 2 2 1 2 2 1 1 2 2 2 2 2 2 1 2 1 2 2 1 1 1 1 1 2 1 1 2 2 2 1 1 2 2 2 2 1 2 1 1 2 2 1 1 2 2 1 1 1 1 2 1 2 2 2 2 2 2 2 1
214 35 4 0 
1 2 2 2 1 2 1 1 2 2 1 2 1 2 1 2 1 2 1 1 1 1 1 2 2 1 1 2 2 2 2 2 2 2 2 2 2 2 1 1 1 1 1 1 2 2 1 1 2 1 1 1 1 2 1 2 2 2 2 2
195 46 78 1 
2 1 1 2 2 1 1 1 1 2 2 2 1 1 2 1 2 2 1 1 1 2 1 1 2 1 1 2 2 1 2 1 2 2 2 2 2 2 2 2 2 2 1 2 1 2 1 1 2 2 1 2 2 2 2 2 2 2 2 2
273 95 245 0 
2 2 2 2 2 2 1 1 2 2 2 2 1 1 2 1 2 1 2 1 1 1 1 1 1 1 2 1 2 2 1 2 2 2 1 1 2 2 2 2 2 2 2 2 2 1 1 1 2 1 1 1 2 2 2 2 2 2 1 2
105 81 75 1 
1 2 2 2 2 2 2 1 1 2 1 2 2 2 1 2 2 1 2 1 1 1 1 1 1 2 2 1 2 2 1 2 2 2 2 2 2 2 1 2 2 2 2 1 1 1 1 1 1 2 2 1 2 2 2 2 2 2 2 2
41 20 15 1 
1 2 2 2 1 2 1 2 1 1 2 1 2 2 1 1 2 2 1 2 2 1 1 1 1 1 2 2 2 2 1 1 2 2 1 1 2 2 1 1 1 1 2 2 2 2 1 1 2 2 2 2 2 2 1 1 2 2 2 2
60 14 9 0 
1 2 2 2 2 2 1 1 2 2 2 2 2 2 2 2 1 1 1 1 1 1 1 1 2 2 1 1 1 2 1 2 2 2 2 2 2 1 1 1 2 2 1 1 2 1 1 1 2 2 1 2 2 2 2 1 2 2 1 2
161 45 71 0 
2 2 2 2 2 2 1 2 1 2 2 2 2 2 2 1 2 1 2 2 1 1 1 2 1 1 2 2 2 2 1 1 2 2 2 2 1 2 1 1 1 1 2 2 2 2 1 1 2 2 2 2 2 2 1 1 2 2 1 1
50 3 40 1 
2 1 2 2 1 1 2 1 2 2 2 2 2 1 1 2 2 2 1 1 2 1 1 1 1 2 2 1 1 2 1 1 2 2 1 2 2 2 2 2 2 1 2 1 2 2 1 1 2 2 2 1 1 1 1 1 2 2 2 2
164 110 135 0 
2 2 2 2 2 2 1 1 1 2 2 2 2 2 2 2 2 2 2 1 1 1 1 1 1 1 2 2 2 1 1 1 2 2 2 2 2 2 2 1 1 2 1 1 2 2 1 1 1 2 1 1 2 2 1 2 2 2 2 2
69 29 27 1 
1 1 1 2 2 2 1 1 2 2 2 2 2 2 2 1 1 2 1 1 1 2 1 1 2 1 1 2 2 1 1 1 2 2 2 2 2 2 1 1 2 1 1 1 2 2 1 1 1 2 1 1 2 1 1 1 2 2 2 2
52 19 32 1 
1 1 1 1 2 1 1 1 2 1 2 2 2 2 1 1 2 1 1 2 2 2 2 2 1 1 2 2 2 1 1 1 2 2 2 1 1 2 1 1 2 1 1 2 1 2 1 1 2 1 2 2 1 2 1 1 2 2 1 2
29 12 9 1 
1 1 1 1 2 2 1 1 2 2 2 2 1 2 1 2 1 1 1 1 1 1 1 1 2 2 1 1 2 2 1 2 2 2 2 2 2 2 1 2 2 2 1 1 2 2 1 1 1 2 1 2 2 2 2 1 2 2 2 1
66 3 27 1 
1 1 2 1 1 1 2 2 2 2 2 2 2 2 1 2 1 2 2 2 1 2 1 1 2 1 1 2 2 2 1 1 2 2 1 2 2 2 1 1 2 1 2 1 2 1 1 1 2 2 2 2 2 2 1 1 2 2 2 2
293 127 281 1 
1 1 1 1 1 1 1 1 2 2 2 2 1 2 2 2 2 2 1 1 1 1 1 2 2 1 1 2 2 2 1 1 2 2 2 2 2 2 2 1 2 2 1 1 2 2 1 1 2 2 1 1 2 1 1 2 2 2 1 2
83 1 36 0 
1 2 2 1 2 2 1 1 2 2 1 2 1 2 2 2 1 2 1 1 1 1 1 1 2 2 1 1 2 2 1 1 2 2 2 2 2 1 2 1 1 2 1 1 2 2 1 1 1 1 1 1 2 2 2 2 2 2 2 1
270 1 61 0 
1 1 1 2 1 2 1 1 2 1 1 1 1 2 2 1 1 1 1 1 1 2 1 1 2 1 1 2 2 1 2 1 2 2 2 1 2 2 1 1 1 2 1 2 2 2 1 1 1 2 1 2 2 2 2 1 2 2 2 2
84 44 33 0 
2 1 1 2 1 2 1 1 1 2 2 2 2 2 1 2 2 1 1 1 2 2 1 1 1 1 2 1 1 2 1 1 2 2 2 1 2 2 1 1 2 1 1 1 2 2 1 1 2 2 2 1 1 2 1 2 2 2 2 1
172 102 109 1 
2 2 2 2 2 1 2 2 2 2 2 2 1 2 1 1 2 2 2 2 1 1 1 1 1 1 2 2 2 2 1 1 2 2 2 1 1 2 1 2 2 1 1 1 1 2 1 1 2 2 1 2 2 2 1 1 2 2 2 2
262 103 9 0 
1 1 2 1 2 2 1 1 2 2 2 2 1 2 2 2 2 1 1 1 1 1 1 1 2 2 1 1 2 2 1 2 2 2 2 2 2 1 1 1 1 2 2 1 2 1 1 1 2 2 2 2 2 2 1 1 2 2 2 2
195 46 78 1 
2 1 1 2 2 1 1 1 1 2 2 2 1 1 2 1 2 2 1 1 1 2 1 1 2 1 1 2 2 1 2 1 2 2 2 2 2 2 2 2 2 2 1 2 1 2 1 1 2 2 1 2 2 2 2 2 2 2 2 2
9 1 2 0 
1 2 1 2 2 2 1 1 2 2 2 2 2 2 2 2 1 2 1 2 1 1 1 1 2 1 1 2 2 2 2 1 2 2 2 2 2 1 2 1 2 2 1 1 2 1 1 1 1 2 1 2 2 2 1 1 2 2 2 1
76 3 26 0 
2 2 2 2 2 1 2 1 2 1 2 2 2 2 1 2 1 2 2 1 1 1 1 2 2 1 1 1 1 2 1 1 2 2 1 2 2 2 2 1 2 1 2 1 2 2 1 2 2 1 2 2 2 1 1 2 2 2 2 1
154 69 111 1 
1 1 1 2 2 2 1 1 2 2 2 2 2 2 1 2 2 2 1 2 2 2 1 1 1 1 2 1 1 2 1 1 2 2 2 2 2 1 1 1 2 1 1 2 2 2 1 1 1 2 1 2 2 2 1 1 2 2 2 2
111 24 92 0 
1 1 2 1 2 2 1 1 2 2 2 2 2 2 1 2 1 2 1 2 1 2 1 1 1 1 2 1 2 2 1 1 2 2 2 2 2 1 1 1 1 2 2 1 2 1 1 1 2 2 2 1 2 2 1 1 2 2 2 2
130 19 68 0 
1 1 1 1 2 2 2 1 2 2 2 2 2 1 2 1 2 1 2 1 1 1 2 1 2 2 2 1 2 2 1 1 2 2 2 2 2 2 1 2 1 1 1 1 1 2 1 1 2 2 2 1 1 2 1 2 2 2 2 2
234 98 74 0 
2 2 2 2 2 2 2 1 2 1 2 2 1 2 2 2 2 1 2 1 1 1 1 1 1 2 2 1 2 2 1 1 2 2 2 1 2 2 2 1 1 2 1 1 2 2 1 1 2 1 2 1 2 1 2 1 2 2 2 2
263 126 214 0 
2 2 1 2 2 2 1 1 1 2 2 2 2 1 2 1 1 1 2 1 1 1 2 2 1 2 1 1 2 2 1 2 2 2 1 2 2 2 1 1 1 1 1 1 1 2 1 1 2 1 1 1 2 2 2 2 2 2 1 2
168 69 129 0 
1 2 1 1 2 1 1 1 2 1 2 2 2 2 2 2 1 2 1 1 1 2 1 1 2 1 1 1 2 2 1 1 2 2 2 1 2 2 1 1 1 2 1 1 2 2 1 1 2 1 1 1 1 2 1 2 2 2 2 2
174 126 39 0 
2 2 1 1 2 2 1 1 1 1 2 2 1 2 2 1 1 1 1 1 1 1 1 1 2 2 1 1 2 2 1 1 2 2 1 1 2 2 1 2 2 2 1 2 1 1 1 2 2 1 2 1 2 2 2 1 2 2 2 1
241 69 15 0 
1 2 2 2 2 2 1 1 2 1 2 2 2 2 2 1 1 2 1 2 1 1 1 1 2 1 2 2 2 2 1 1 2 2 2 1 2 2 1 2 1 2 1 2 2 2 1 1 2 2 1 1 2 2 1 2 2 2 2 2
230 3 131 1 
2 2 2 2 2 1 2 1 1 1 1 2 2 2 1 2 1 2 1 1 2 1 1 1 1 2 1 1 1 2 1 1 2 2 1 2 2 2 1 2 1 1 1 1 1 2 2 1 1 2 2 2 1 2 1 1 2 2 2 2
181 63 89 0 
1 2 1 2 1 2 1 1 1 1 2 1 2 2 2 2 2 2 1 1 1 2 1 1 1 1 2 2 2 2 2 1 2 2 1 2 2 1 1 1 2 2 1 1 2 1 1 1 1 1 1 2 2 2 1 1 2 2 2 2
33 8 4 0 
1 1 2 2 1 2 2 1 2 2 2 2 2 2 2 2 2 1 2 1 2 1 1 2 1 1 1 2 2 1 1 2 2 2 1 2 2 2 1 2 1 1 1 1 1 2 1 1 2 2 1 1 2 2 1 2 2 2 2 1
56 3 42 0 
2 2 2 2 2 2 2 1 1 1 1 2 2 1 1 1 1 2 1 2 2 1 1 1 2 2 1 2 1 2 1 1 2 2 1 1 2 2 2 2 1 1 1 1 2 2 1 1 2 2 2 1 1 2 1 2 2 2 2 2
279 211 4 1 
1 1 2 2 2 2 1 1 2 2 2 2 2 2 2 2 1 2 1 1 1 1 1 2 2 2 1 1 2 2 2 2 2 2 2 2 2 2 2 2 2 1 1 1 1 1 1 1 2 1 2 1 2 2 1 2 2 2 2 2
190 48 147 1 
1 1 2 2 2 2 1 1 2 2 2 2 2 2 1 1 1 2 1 2 1 1 2 1 1 1 2 2 1 2 1 1 2 2 2 2 1 2 1 1 2 1 1 2 1 1 2 1 1 1 1 2 2 2 2 2 2 2 2 2
298 137 88 1 
1 1 1 1 2 2 1 1 2 2 2 2 1 2 2 1 2 2 2 1 1 2 1 2 2 1 1 2 2 2 1 1 2 2 2 2 2 2 2 1 2 2 1 1 2 2 1 1 1 2 1 1 2 2 2 1 2 2 1 2
132 108 40 1 
2 2 2 2 2 1 2 1 2 2 2 1 2 1 1 2 2 2 2 2 1 1 1 1 2 2 1 1 2 2 1 1 2 2 2 2 2 2 1 2 1 2 1 1 2 2 1 1 2 2 1 1 1 1 1 1 2 2 2 2
144 58 71 0 
2 2 1 2 2 2 1 1 2 2 2 2 2 2 2 1 2 1 2 2 1 1 1 1 1 1 2 2 2 2 1 1 2 2 2 2 2 2 1 1 1 1 1 2 1 2 1 1 2 1 2 2 2 2 1 1 2 2 1 2
264 188 255 0 
2 1 2 2 2 2 1 1 2 2 2 1 1 1 1 1 1 2 2 1 1 2 1 1 1 1 2 1 2 1 1 1 2 2 1 2 2 2 2 1 2 2 2 2 1 2 1 1 2 2 2 2 1 2 1 1 2 2 2 2
201 159 167 0 
2 2 2 2 2 2 2 1 1 2 2 2 2 2 1 2 2 2 1 2 2 1 1 1 2 2 1 1 2 2 2 1 2 2 2 2 1 2 1 1 1 1 1 2 2 2 1 1 2 2 1 2 2 2 1 1 2 2 1 2
71 14 59 0 
2 1 2 2 2 2 1 2 2 2 2 2 2 2 2 1 1 1 1 2 1 1 1 2 2 1 2 2 1 2 1 1 2 2 2 2 2 2 1 1 1 1 2 2 2 2 1 1 1 2 1 2 2 2 1 1 2 2 1 2
265 261 6 0 
2 2 2 2 2 1 1 1 1 1 2 2 2 2 1 2 1 1 2 1 2 1 1 1 1 1 2 2 2 2 1 1 2 2 2 1 2 1 2 1 2 1 2 2 1 1 2 2 1 1 1 2 2 1 2 1 2 2 2 2
189 11 181 1 
1 2 1 2 2 1 1 1 2 1 2 2 1 2 1 2 1 2 1 1 1 2 1 1 1 1 2 2 2 2 1 2 2 2 2 1 1 2 2 1 2 2 1 1 1 1 1 1 2 1 2 2 2 2 1 1 2 2 1 2
199 127 131 1 
2 1 1 2 1 2 1 1 1 2 2 2 2 2 2 2 2 1 1 1 1 1 1 1 1 2 1 1 2 2 2 1 2 2 1 1 2 2 2 2 2 1 1 1 1 2 1 1 1 2 1 2 2 2 1 1 2 2 2 2
198 133 25 1 
2 2 2 2 1 2 2 1 2 2 2 2 2 2 2 2 1 1 2 1 1 1 1 2 1 1 2 2 2 1 1 1 2 2 2 2 2 1 1 1 1 2 1 1 1 1 2 2 1 1 1 2 2 2 2 1 2 2 2 2
63 14 16 1 
1 1 1 1 2 1 1 1 1 1 2 2 2 2 1 2 1 2 1 2 1 1 2 1 1 1 2 2 2 2 2 1 2 2 2 1 2 2 1 1 2 2 1 1 2 2 1 1 2 1 1 1 2 2 2 1 2 2 1 2
97 3 76 1 
2 2 2 2 1 2 2 2 1 2 1 2 2 2 1 2 2 2 1 1 1 1 1 1 1 2 2 1 2 2 1 1 2 2 1 2 2 2 1 2 2 1 2 1 2 2 1 2 1 2 2 2 1 2 1 1 2 2 2 2
5 3 2 1 
2 1 2 1 2 2 2 1 2 1 2 2 2 2 1 1 1 1 2 1 2 1 1 2 1 1 2 2 2 1 1 1 2 2 1 2 2 1 1 1 1 2 1 1 1 1 2 1 1 2 2 2 2 2 1 2 2 2 2 2
147 105 13 0 
1 1 2 2 2 2 1 1 2 2 2 1 2 1 1 1 2 1 2 1 1 1 1 1 1 1 2 2 2 2 2 1 2 2 2 2 2 2 1 2 2 1 2 1 1 2 1 1 1 2 2 1 2 1 2 1 2 2 2 2
283 194 246 0 
1 2 1 2 2 2 1 2 2 2 2 2 2 2 2 2 1 2 1 2 1 1 1 1 2 1 1 2 1 2 1 1 2 2 2 2 2 2 1 2 1 1 2 1 2 2 1 1 1 2 1 1 2 2 1 1 2 2 2 2
65 48 13 1 
1 2 2 2 2 2 1 1 2 2 2 1 2 1 1 2 1 2 1 2 1 1 2 1 1 2 2 1 2 2 1 1 2 2 2 2 1 2 1 1 2 1 1 2 1 2 2 1 1 1 2 1 2 2 1 2 2 2 2 2
202 170 61 0 
2 1 2 1 2 2 2 1 2 2 2 2 2 2 1 1 1 1 2 1 1 1 2 1 1 1 2 2 2 2 1 1 2 2 1 2 2 1 1 1 2 2 2 1 2 1 1 1 2 1 2 2 2 2 1 1 2 2 2 2
254 128 72 1 
1 2 1 2 2 2 1 1 2 2 2 2 2 2 1 1 1 1 1 1 1 1 2 1 1 2 1 1 2 2 2 2 2 2 2 2 2 1 1 1 1 2 1 2 1 1 1 1 2 1 2 1 2 2 1 1 2 2 1 2
250 28 59 0 
2 1 2 2 1 2 2 2 1 2 2 2 2 2 1 1 2 1 1 2 2 1 1 2 1 1 2 2 2 2 1 1 2 2 2 1 2 2 1 1 1 2 2 2 2 2 1 1 2 2 2 2 2 2 1 1 2 2 2 2
125 101 104 1 
2 1 2 1 2 2 2 1 2 2 2 2 2 2 2 2 2 2 2 1 1 1 1 1 1 2 2 1 2 2 1 1 2 2 2 2 2 2 2 1 1 2 1 1 2 1 1 1 2 2 1 1 2 2 1 2 2 2 2 2
255 41 79 0 
1 1 2 2 1 2 1 1 1 2 2 1 2 1 1 1 2 1 1 1 2 1 1 1 1 2 2 1 2 1 1 1 2 2 1 2 2 2 1 1 1 2 2 1 2 2 1 1 2 2 2 1 2 2 1 1 2 2 2 2
263 126 214 0 
2 2 1 2 2 2 1 1 1 2 2 2 2 1 2 1 1 1 2 1 1 1 2 2 1 2 1 1 2 2 1 2 2 2 1 2 2 2 1 1 1 1 1 1 1 2 1 1 2 1 1 1 2 2 2 2 2 2 1 2
33 8 4 0 
1 1 2 2 1 2 2 1 2 2 2 2 2 2 2 2 2 1 2 1 2 1 1 2 1 1 1 2 2 1 1 2 2 2 1 2 2 2 1 2 1 1 1 1 1 2 1 1 2 2 1 1 2 2 1 2 2 2 2 1
278 140 147 0 
1 1 2 2 1 2 2 1 2 2 2 1 2 1 1 1 1 1 2 1 2 1 1 1 1 1 1 2 1 2 2 1 2 2 2 2 2 2 1 1 2 2 1 1 2 2 2 1 1 2 1 1 2 1 2 1 2 2 1 2
123 30 16 0 
1 1 2 1 2 1 1 1 2 1 2 2 2 2 2 2 2 2 2 2 1 1 1 1 2 1 2 1 2 2 1 1 2 2 2 2 2 1 2 1 2 2 1 1 1 2 1 1 1 1 2 1 2 2 1 1 2 2 1 2
99 81 16 1 
1 1 1 1 2 2 1 1 1 2 2 2 2 2 1 2 1 2 2 2 1 1 1 1 1 1 2 2 2 2 1 1 2 2 2 2 1 1 1 1 1 2 2 1 1 2 1 1 2 1 2 1 1 2 1 1 2 2 2 2
252 119 84 1 
2 1 2 2 2 1 1 1 1 1 2 2 2 2 2 2 1 1 1 1 1 2 1 1 1 1 2 1 1 2 1 1 2 2 2 2 2 2 1 1 2 2 2 1 2 2 1 1 2 2 2 2 2 2 1 2 2 2 2 1
183 52 59 0 
1 1 1 2 1 2 1 2 1 2 2 2 2 1 1 1 2 1 2 2 2 1 2 2 1 1 2 2 2 2 1 1 2 2 2 2 1 2 1 1 1 2 2 2 2 2 1 1 1 2 2 2 2 2 1 1 2 2 2 2
82 30 34 0 
2 2 2 2 2 2 1 1 2 2 2 2 2 1 2 2 2 2 2 2 1 1 1 1 2 1 1 2 2 2 1 1 2 2 2 2 1 2 1 2 2 1 1 1 1 2 1 1 1 2 2 1 2 2 1 2 2 2 2 2
151 132 25 0 
2 1 2 1 2 2 2 1 2 2 2 2 1 2 2 2 2 1 2 1 1 1 1 2 2 1 1 2 2 1 1 1 2 2 2 2 2 2 1 1 1 2 1 1 2 1 1 2 2 1 1 2 1 2 1 2 2 2 2 2
138 41 56 0 
1 2 2 2 1 2 1 1 1 1 2 2 2 1 1 1 2 1 2 1 1 2 1 1 1 2 2 1 2 2 1 1 2 2 1 1 2 2 1 2 1 1 2 1 2 2 1 1 2 2 2 1 2 2 1 2 2 2 2 2
289 189 39 0 
1 2 2 1 1 2 1 2 2 1 2 2 1 2 1 1 1 1 1 1 1 1 1 1 1 2 2 1 2 2 1 1 2 2 1 1 2 2 1 2 2 2 1 2 1 1 1 2 2 1 2 1 2 2 1 1 2 2 2 1
205 128 138 1 
2 1 2 2 2 1 1 1 2 1 2 2 2 2 1 1 1 2 2 2 1 1 1 1 1 2 1 1 2 2 2 1 2 2 2 1 2 2 1 1 2 1 1 1 1 2 1 1 1 2 1 2 2 2 1 1 2 2 1 2
257 17 89 0 
2 2 2 2 1 2 1 1 1 1 1 1 2 2 2 2 2 2 2 2 1 2 1 1 1 1 2 1 2 2 1 1 2 2 1 2 2 1 2 1 2 2 2 2 1 1 1 2 1 2 1 2 1 2 1 1 2 2 2 2
112 101 74 0 
2 1 2 1 2 2 1 2 2 2 2 2 2 2 2 2 2 2 2 1 1 2 1 1 1 1 2 2 2 1 1 1 2 2 1 1 2 2 1 1 1 2 1 1 1 2 1 1 2 1 1 1 2 1 2 1 2 2 2 2
48 12 25 1 
1 2 2 2 2 2 1 1 2 2 2 2 1 2 1 1 1 1 1 1 1 1 2 2 1 1 2 2 2 1 1 1 2 2 2 2 1 1 1 1 2 2 1 1 1 1 1 2 1 1 1 2 2 2 2 1 2 2 2 2
16 1 2 0 
1 1 1 1 1 2 1 1 2 1 2 2 2 2 2 2 1 2 1 2 1 1 1 1 2 1 1 2 2 2 1 1 2 2 1 2 2 1 1 1 2 2 1 1 2 1 1 1 1 2 1 2 2 2 1 1 2 2 2 2
118 66 2 0 
1 1 1 1 1 2 2 1 2 1 2 2 2 1 1 2 1 2 2 2 1 1 1 1 2 1 1 2 2 2 1 1 2 2 1 2 2 2 1 1 1 2 1 1 1 1 1 1 2 2 2 2 2 2 1 1 2 2 2 1
6 3 2 0 
2 2 2 1 1 2 2 1 2 1 2 2 2 2 1 2 1 1 2 1 1 1 1 1 2 1 1 2 2 2 1 1 2 2 1 2 2 1 1 1 1 2 2 2 1 1 2 1 1 1 2 1 1 2 1 2 2 2 2 2
261 179 80 1 
2 2 1 2 2 2 1 1 2 1 2 2 2 2 1 2 1 2 2 2 2 1 1 1 1 2 2 1 2 2 1 1 2 2 2 1 2 2 1 2 2 2 2 2 2 1 2 2 1 1 2 1 1 2 1 2 2 2 2 2
90 49 75 0 
1 2 2 2 1 2 2 1 1 2 2 2 2 2 1 2 2 2 2 1 1 1 1 1 1 2 2 1 1 2 1 2 2 2 2 2 2 2 1 2 1 1 1 1 2 1 1 1 2 2 2 1 2 1 1 1 2 2 2 1
225 20 221 1 
2 1 2 1 1 2 2 1 1 2 1 2 2 2 1 2 2 2 1 2 2 1 1 1 1 2 2 2 1 2 1 2 2 2 1 2 2 2 2 1 2 2 2 1 2 2 1 1 2 1 2 2 2 2 1 1 2 2 1 2
14 1 2 1 
2 1 2 1 2 2 1 1 2 1 2 2 2 2 2 1 1 1 1 1 1 1 1 2 2 1 1 2 2 1 2 1 2 2 2 2 2 2 1 1 2 1 1 2 2 2 1 1 2 1 1 1 2 2 2 1 2 2 2 1
295 30 275 1 
2 1 2 1 2 1 1 1 2 2 2 2 2 2 2 2 2 2 2 2 1 1 1 1 2 1 1 2 2 2 1 2 2 2 2 2 2 2 1 2 2 2 1 1 1 1 1 1 1 2 2 1 2 1 1 2 2 2 1 2
114 28 16 1 
2 1 2 1 2 1 2 1 1 2 1 2 2 2 1 2 1 2 2 2 1 1 2 1 1 2 2 1 1 2 1 1 2 2 2 1 2 2 1 1 1 2 2 1 2 1 1 1 2 2 2 2 2 2 1 1 2 2 2 2
5 3 2 1 
2 1 2 1 2 2 2 1 2 1 2 2 2 2 1 1 1 1 2 1 2 1 1 2 1 1 2 2 2 1 1 1 2 2 1 2 2 1 1 1 1 2 1 1 1 1 2 1 1 2 2 2 2 2 1 2 2 2 2 2
243 24 150 1 
2 2 2 2 2 2 1 1 2 1 2 2 2 2 2 2 1 2 1 2 1 1 1 1 1 1 2 2 2 2 1 1 2 2 2 2 2 1 2 2 1 2 2 1 2 1 1 1 1 2 1 2 2 2 2 2 2 2 2 2
32 5 2 0 
2 1 1 1 2 1 1 1 1 2 2 2 2 1 1 2 1 2 2 2 2 1 1 2 1 1 2 2 2 1 1 1 2 2 1 2 2 2 1 1 1 1 1 2 1 2 1 1 2 1 2 2 2 2 2 1 2 2 2 2
153 52 67 0 
1 1 1 1 2 2 1 1 2 2 2 2 2 2 1 1 1 2 2 1 2 1 2 1 1 2 2 1 1 2 1 1 2 2 2 2 1 1 1 1 2 2 1 1 1 2 1 1 1 2 2 2 2 2 1 1 2 2 1 1
30 11 9 1 
1 2 1 2 1 2 1 1 2 2 2 2 1 2 1 2 2 2 2 2 1 1 1 1 2 2 2 1 2 2 1 1 2 2 2 2 1 2 1 2 2 2 1 1 1 2 1 1 1 2 2 1 2 2 1 1 2 2 2 1
267 58 234 1 
2 2 1 2 1 2 1 2 2 2 2 2 2 2 2 2 2 2 2 2 1 1 1 1 2 1 1 2 2 2 1 1 2 2 2 2 2 2 1 2 1 1 1 1 1 2 1 1 2 2 1 1 2 1 1 1 2 2 2 2
107 77 39 1 
1 2 2 2 1 2 1 1 2 1 2 2 2 2 1 1 2 1 2 1 1 1 1 1 1 2 2 1 2 2 1 1 2 2 1 1 2 2 2 1 1 2 2 2 2 1 1 2 1 1 1 1 2 2 1 1 2 2 2 1
27 3 16 0 
2 1 2 1 2 1 2 1 2 2 2 2 2 2 1 2 2 2 1 2 2 1 1 1 1 1 2 2 1 2 1 1 2 2 1 2 2 2 1 1 1 2 1 1 1 2 1 1 2 2 2 1 1 2 1 1 2 2 2 2
277 192 166 1 
1 2 2 2 2 2 2 1 2 1 2 2 2 1 1 2 1 1 1 1 2 1 2 1 1 2 1 1 2 2 1 1 2 2 2 2 2 2 1 1 1 1 2 1 2 2 1 1 1 1 2 1 1 2 1 2 2 2 1 2
49 20 27 1 
1 2 2 2 1 2 2 1 1 2 2 2 2 2 1 1 2 2 2 1 1 2 1 1 1 1 2 2 1 1 1 1 2 2 2 2 2 2 1 1 1 1 2 1 2 1 1 1 2 2 2 2 2 1 1 1 2 2 1 2
89 45 39 0 
2 2 2 2 2 2 1 1 1 1 2 1 2 2 1 2 2 2 1 2 2 1 1 1 1 1 2 1 2 2 1 1 2 2 2 1 1 2 1 1 2 2 1 2 1 1 1 2 2 1 2 1 2 2 1 1 2 2 2 1
220 10 183 1 
2 1 2 1 2 2 1 2 2 1 2 2 2 2 2 1 2 2 1 2 1 2 1 2 1 1 2 2 1 2 1 1 2 2 2 2 2 1 2 1 2 1 1 2 1 2 1 1 1 2 1 2 2 2 2 1 2 2 2 2
44 21 27 1 
2 2 1 1 2 1 1 1 1 2 2 2 1 2 2 1 2 2 2 1 1 2 1 1 1 1 2 2 1 1 1 1 2 2 2 1 2 2 1 1 1 2 2 1 2 2 1 1 1 2 1 2 2 1 2 1 2 2 2 2
206 162 196 0 
1 1 2 1 2 2 1 1 2 2 2 2 2 2 2 2 1 2 1 1 2 2 1 1 1 1 2 1 2 2 1 1 2 2 1 1 2 2 2 1 2 2 2 2 2 2 1 1 1 2 2 2 2 2 2 1 2 2 2 1
236 140 57 1 
1 1 1 1 1 1 2 1 2 2 2 2 2 2 1 2 1 1 2 1 2 1 1 2 1 1 1 1 1 2 2 1 2 2 2 2 2 2 1 1 2 2 1 1 2 2 2 1 2 2 1 1 2 2 2 2 2 2 2 2
149 11 86 1 
2 2 1 2 2 2 1 1 2 1 2 2 1 2 1 2 2 2 2 1 1 2 1 1 2 1 1 2 2 1 1 1 2 2 2 2 2 2 2 1 1 2 1 1 2 2 1 1 2 1 2 1 2 2 1 1 2 2 1 2
261 179 80 1 
2 2 1 2 2 2 1 1 2 1 2 2 2 2 1 2 1 2 2 2 2 1 1 1 1 2 2 1 2 2 1 1 2 2 2 1 2 2 1 2 2 2 2 2 2 1 2 2 1 1 2 1 1 2 1 2 2 2 2 2
102 30 25 1 
1 2 2 2 1 2 1 2 2 2 2 2 1 2 1 2 2 1 2 1 1 1 1 2 2 1 2 2 2 1 1 1 2 2 2 2 1 2 1 1 2 1 1 1 1 1 1 2 2 1 1 2 2 2 1 1 2 2 1 2
191 5 4 0 
2 1 2 1 2 2 2 1 1 2 2 2 2 2 1 2 1 2 1 1 1 1 2 2 1 1 2 2 1 1 1 1 2 2 2 2 1 2 1 1 2 1 1 1 1 1 1 1 2 1 2 2 2 2 2 2 2 2 2 1
147 105 13 0 
1 1 2 2 2 2 1 1 2 2 2 1 2 1 1 1 2 1 2 1 1 1 1 1 1 1 2 2 2 2 2 1 2 2 2 2 2 2 1 2 2 1 2 1 1 2 1 1 1 2 2 1 2 1 2 1 2 2 2 2
178 95 74 0 
2 2 1 2 2 2 1 1 2 1 2 2 2 2 1 2 1 1 2 1 2 2 2 1 1 1 2 2 2 1 1 1 2 2 2 2 2 2 2 1 1 2 2 1 2 2 1 1 2 1 1 1 2 1 2 1 2 2 2 2
46 21 9 1 
2 2 1 2 2 2 1 1 1 2 2 2 1 2 2 2 1 2 1 1 1 1 1 1 1 2 2 1 1 2 1 2 2 2 2 2 2 2 2 2 1 2 2 1 2 1 1 1 1 2 1 2 2 2 2 1 2 2 2 1
221 193 183 0 
2 1 2 1 2 1 1 1 2 1 2 2 2 2 2 1 2 2 2 2 1 1 1 2 2 1 2 2 2 2 2 1 2 2 2 2 2 1 1 1 2 1 1 2 2 2 1 1 2 1 1 2 2 2 1 1 2 2 1 2
106 63 57 0 
1 1 1 2 1 1 1 1 1 2 2 2 2 2 2 2 2 1 2 1 1 1 1 2 1 1 2 1 2 2 2 1 2 2 2 1 2 2 1 1 2 1 1 1 2 2 1 1 2 1 1 1 2 2 1 1 2 2 1 2
140 63 96 1 
1 1 1 2 1 1 1 2 1 2 2 2 2 2 2 1 2 1 1 2 1 2 1 1 1 1 2 1 2 1 2 2 2 2 2 2 2 2 1 2 2 1 1 1 2 1 1 2 1 2 1 1 2 2 1 2 2 2 2 1
8 3 2 1 
1 1 2 1 1 2 2 1 2 1 2 2 2 2 1 2 2 2 1 2 2 1 1 1 1 1 1 2 2 1 1 1 2 2 1 2 2 1 1 1 1 2 1 1 1 1 2 1 1 2 2 1 2 2 1 1 2 2 2 1
173 3 13 0 
2 2 2 2 2 2 2 1 1 2 1 1 2 1 1 1 1 1 2 2 1 1 1 1 1 1 2 2 1 2 1 1 2 2 1 2 2 2 2 1 2 1 2 1 1 2 2 1 1 2 2 1 1 1 1 1 2 2 2 2
2 0 0 0 
1 2 1 2 2 1 1 1 1 2 2 2 2 1 2 1 2 1 2 1 1 1 1 2 1 1 2 2 2 1 1 1 2 2 2 2 1 2 1 1 2 1 1 2 1 2 1 1 2 1 2 1 2 2 1 2 2 2 1 2
158 44 67 1 
2 1 1 1 1 2 1 1 2 2 2 2 2 2 1 1 2 2 2 1 1 1 1 1 1 2 2 2 1 2 1 1 2 2 2 1 2 2 1 1 1 1 2 1 2 2 1 1 2 2 2 2 1 2 2 1 2 2 2 1
42 11 15 0 
1 2 1 2 1 2 1 1 2 1 2 2 1 2 1 1 2 2 2 2 1 1 1 1 2 1 2 2 2 2 1 1 2 2 2 1 2 2 2 2 1 2 1 2 2 2 1 1 2 1 2 1 2 2 2 1 2 2 1 2
188 81 73 1 
2 1 2 2 2 1 1 2 2 2 2 2 2 1 1 1 1 1 2 1 2 1 2 1 1 1 2 2 2 2 1 1 2 2 1 1 2 2 2 1 2 1 2 2 1 2 1 1 2 1 2 1 1 2 1 2 2 2 2 1
197 105 183 1 
1 1 2 1 2 1 1 1 2 1 2 2 2 2 2 1 1 2 1 2 1 2 1 2 2 1 1 2 2 2 2 1 2 2 2 2 2 1 1 1 2 1 2 2 1 2 1 1 2 1 1 2 2 2 2 1 2 2 2 2
138 41 56 0 
1 2 2 2 1 2 1 1 1 1 2 2 2 1 1 1 2 1 2 1 1 2 1 1 1 2 2 1 2 2 1 1 2 2 1 1 2 2 1 2 1 1 2 1 2 2 1 1 2 2 2 1 2 2 1 2 2 2 2 2
40 23 13 0 
2 1 2 2 2 1 1 1 2 2 2 1 1 1 1 2 1 2 1 2 1 1 1 1 2 2 1 1 1 2 1 1 2 2 2 2 2 2 1 2 2 1 1 1 2 2 1 1 1 2 1 1 2 1 2 1 2 2 2 2
288 162 89 0 
1 2 1 2 1 2 1 1 2 1 2 1 2 2 2 1 1 2 1 1 2 2 1 1 1 1 2 1 1 2 1 1 2 2 1 1 2 1 1 1 2 2 2 1 2 1 1 2 1 2 2 1 2 2 2 1 2 2 2 1
169 119 32 1 
2 2 2 1 2 2 1 1 1 2 2 2 2 1 2 2 1 2 1 2 1 1 1 2 2 1 1 2 1 1 1 1 2 2 2 2 2 2 1 1 1 1 2 2 2 2 1 1 1 1 1 2 2 2 1 1 2 2 2 2
247 20 156 0 
2 1 2 1 1 1 2 1 1 2 1 2 2 2 1 1 2 1 1 2 2 1 1 1 1 2 2 1 1 2 1 2 2 2 1 1 2 2 2 1 2 1 2 2 2 2 1 1 2 2 2 2 2 2 1 1 2 2 2 2
27 3 16 0 
2 1 2 1 2 1 2 1 2 2 2 2 2 2 1 2 2 2 1 2 2 1 1 1 1 1 2 2 1 2 1 1 2 2 1 2 2 2 1 1 1 2 1 1 1 2 1 1 2 2 2 1 1 2 1 1 2 2 2 2
214 35 4 0 
1 2 2 2 1 2 1 1 2 2 1 2 1 2 1 2 1 2 1 1 1 1 1 2 2 1 1 2 2 2 2 2 2 2 2 2 2 2 1 1 1 1 1 1 2 2 1 1 2 1 1 1 1 2 1 2 2 2 2 2
218 137 157 0 
2 1 1 2 1 1 1 1 2 1 2 2 1 1 1 1 1 1 1 1 1 2 1 1 1 1 2 2 2 1 1 1 2 2 2 2 2 2 1 1 2 1 1 2 2 2 1 1 1 2 1 2 2 2 2 1 2 2 1 2
28 18 22 1 
2 1 2 2 1 2 2 2 2 1 2 1 2 2 1 1 2 1 1 2 2 1 1 2 1 1 2 2 2 1 1 1 2 2 2 2 2 2 1 1 1 1 2 2 2 2 1 1 2 2 2 2 2 2 1 1 2 2 2 2
192 52 167 1 
1 1 1 2 2 2 1 2 1 2 2 2 2 2 1 1 1 1 1 2 2 1 2 2 1 1 2 1 1 2 1 1 2 2 1 2 2 2 1 1 1 1 2 2 2 2 1 1 1 2 2 2 1 2 1 1 2 2 1 1
297 12 22 1 
2 1 1 2 2 2 1 1 2 2 2 2 1 1 1 1 2 1 2 1 1 1 1 1 2 2 2 1 2 2 1 1 2 2 2 1 1 2 1 1 2 1 1 1 1 1 1 1 1 2 1 2 2 2 1 1 2 2 1 2
111 24 92 0 
1 1 2 1 2 2 1 1 2 2 2 2 2 2 1 2 1 2 1 2 1 2 1 1 1 1 2 1 2 2 1 1 2 2 2 2 2 1 1 1 1 2 2 1 2 1 1 1 2 2 2 1 2 2 1 1 2 2 2 2
35 14 13 1 
1 1 1 2 2 1 1 1 2 2 2 1 2 1 2 1 1 1 1 1 1 1 2 1 2 2 1 1 2 2 2 1 2 2 2 2 2 2 1 2 2 1 1 1 2 2 1 1 2 2 1 1 2 1 2 1 2 2 2 2
41 20 15 1 
1 2 2 2 1 2 1 2 1 1 2 1 2 2 1 1 2 2 1 2 2 1 1 1 1 1 2 2 2 2 1 1 2 2 1 1 2 2 1 1 1 1 2 2 2 2 1 1 2 2 2 2 2 2 1 1 2 2 2 2
225 20 221 1 
2 1 2 1 1 2 2 1 1 2 1 2 2 2 1 2 2 2 1 2 2 1 1 1 1 2 2 2 1 2 1 2 2 2 1 2 2 2 2 1 2 2 2 1 2 2 1 1 2 1 2 2 2 2 1 1 2 2 1 2
296 187 38 0 
2 2 2 2 1 2 1 1 1 2 2 2 2 1 2 1 2 1 2 2 1 1 1 1 1 2 1 2 2 2 1 1 2 2 2 1 1 2 1 1 2 2 1 1 2 2 1 1 2 2 2 2 2 2 1 1 2 2 1 2
140 63 96 1 
1 1 1 2 1 1 1 2 1 2 2 2 2 2 2 1 2 1 1 2 1 2 1 1 1 1 2 1 2 1 2 2 2 2 2 2 2 2 1 2 2 1 1 1 2 1 1 2 1 2 1 1 2 2 1 2 2 2 2 1
259 240 150 0 
1 1 2 2 1 2 1 1 2 2 2 2 1 1 1 1 1 2 1 2 1 1 1 1 2 1 2 2 1 2 1 1 2 2 2 2 2 2 2 2 2 1 2 1 2 2 1 1 1 2 1 1 2 2 1 2 2 2 2 2
285 133 215 0 
1 2 2 2 1 2 2 1 2 2 2 1 2 2 2 2 1 2 2 2 1 2 1 1 2 2 1 2 2 2 1 1 2 2 2 2 2 2 1 1 1 2 2 2 1 1 2 2 1 2 2 2 2 1 2 1 2 2 2 2
116 44 57 1 
2 1 1 2 2 1 1 1 1 2 2 2 1 2 2 2 2 1 2 1 1 1 1 2 1 1 2 1 1 2 1 1 2 2 1 1 2 2 1 1 2 1 1 1 2 1 1 1 1 1 1 1 2 2 2 1 2 2 2 2
241 69 15 0 
1 2 2 2 2 2 1 1 2 1 2 2 2 2 2 1 1 2 1 2 1 1 1 1 2 1 2 2 2 2 1 1 2 2 2 1 2 2 1 2 1 2 1 2 2 2 1 1 2 2 1 1 2 2 1 2 2 2 2 2
91 51 79 1 
2 1 2 2 1 2 1 1 2 2 2 1 1 2 2 2 2 1 2 1 1 1 1 1 1 2 1 1 2 2 1 1 2 2 2 2 2 2 1 1 1 2 1 1 1 2 2 1 2 2 1 1 2 2 1 1 2 2 1 2
57 31 33 0 
1 1 1 2 2 1 1 1 2 2 2 2 2 2 2 2 2 1 2 1 1 1 1 2 2 1 1 1 2 2 1 1 2 2 2 1 2 2 1 1 2 1 1 1 2 1 1 1 1 2 1 1 2 2 1 2 2 2 2 1
4 1 2 0 
2 1 2 1 2 2 1 1 2 2 2 2 2 2 2 2 1 2 2 1 1 1 1 2 2 1 1 2 2 1 2 1 2 2 2 2 2 2 2 1 1 1 1 1 2 1 1 1 2 1 1 2 2 2 2 2 2 2 2 1
276 115 32 0 
1 2 2 1 2 2 1 1 2 2 2 2 2 2 2 1 2 1 2 2 1 2 1 1 2 1 2 2 2 1 1 1 2 2 2 2 2 2 1 1 1 1 1 2 1 2 1 1 2 1 1 2 2 2 2 2 2 2 1 2
175 124 67 1 
2 1 2 1 2 2 2 1 2 2 2 2 2 2 2 2 2 2 2 1 2 2 1 1 1 1 1 2 2 2 1 1 2 2 1 1 2 2 1 1 2 1 2 1 2 2 1 1 2 2 2 1 2 2 1 1 2 2 1 2
104 10 86 0 
1 2 1 2 2 2 1 1 2 2 2 2 2 2 2 2 2 1 1 1 1 1 1 1 2 1 1 2 2 1 1 1 2 2 1 2 2 2 2 1 2 1 1 2 1 2 1 1 2 1 1 1 2 2 2 2 2 2 2 2
120 19 86 1 
1 2 2 2 2 2 2 1 1 1 2 2 2 2 1 2 2 1 2 1 1 1 2 1 2 2 2 2 2 2 1 1 2 2 2 2 2 2 1 1 1 1 1 2 1 2 1 1 2 1 2 1 2 2 1 1 2 2 2 2
281 208 168 0 
1 2 1 1 1 2 1 1 2 2 2 2 2 2 2 2 1 2 1 1 1 2 2 1 1 1 2 1 2 2 1 1 2 2 1 2 2 2 1 1 2 2 1 1 2 2 1 1 1 2 1 1 2 1 1 2 2 2 1 2
196 51 61 0 
2 1 2 1 1 2 1 1 2 2 2 2 2 2 2 1 2 1 2 1 1 2 1 1 1 1 1 2 2 1 1 1 2 2 1 1 2 2 1 1 1 2 1 2 1 2 2 1 2 2 1 2 2 2 1 1 2 2 1 2
296 187 38 0 
2 2 2 2 1 2 1 1 1 2 2 2 2 1 2 1 2 1 2 2 1 1 1 1 1 2 1 2 2 2 1 1 2 2 2 1 1 2 1 1 2 2 1 1 2 2 1 1 2 2 2 2 2 2 1 1 2 2 1 2
153 52 67 0 
1 1 1 1 2 2 1 1 2 2 2 2 2 2 1 1 1 2 2 1 2 1 2 1 1 2 2 1 1 2 1 1 2 2 2 2 1 1 1 1 2 2 1 1 1 2 1 1 1 2 2 2 2 2 1 1 2 2 1 1
139 119 2 0 
2 2 2 1 2 2 1 1 1 1 2 2 2 2 2 2 1 2 1 2 1 1 1 1 2 1 2 2 1 1 1 1 2 2 2 2 2 2 1 1 1 1 2 2 2 2 1 1 1 1 1 1 2 2 1 1 2 2 2 2
47 12 36 1 
1 2 2 1 2 2 1 1 2 2 2 2 2 2 1 2 1 2 2 1 1 1 1 1 2 1 1 2 2 2 1 1 2 2 2 2 1 2 1 1 2 2 1 1 2 2 1 1 1 1 2 1 2 2 2 2 2 2 2 1
201 159 167 0 
2 2 2 2 2 2 2 1 1 2 2 2 2 2 1 2 2 2 1 2 2 1 1 1 2 2 1 1 2 2 2 1 2 2 2 2 1 2 1 1 1 1 1 2 2 2 1 1 2 2 1 2 2 2 1 1 2 2 1 2
178 95 74 0 
2 2 1 2 2 2 1 1 2 1 2 2 2 2 1 2 1 1 2 1 2 2 2 1 1 1 2 2 2 1 1 1 2 2 2 2 2 2 2 1 1 2 2 1 2 2 1 1 2 1 1 1 2 1 2 1 2 2 2 2
86 44 71 0 
2 2 1 2 1 2 1 1 1 2 2 2 2 2 1 2 2 1 1 1 2 1 1 1 1 2 2 2 1 2 1 1 2 2 2 2 2 2 1 1 2 1 1 2 2 2 1 1 1 1 1 1 2 2 2 1 2 2 2 2
148 28 72 1 
1 2 2 2 2 2 2 1 2 2 2 2 2 1 1 1 2 1 1 1 2 1 1 1 1 2 2 1 1 2 1 2 2 2 2 2 2 2 1 2 1 1 2 2 2 1 1 2 2 1 2 1 2 2 1 1 2 2 2 1
281 208 168 0 
1 2 1 1 1 2 1 1 2 2 2 2 2 2 2 2 1 2 1 1 1 2 2 1 1 1 2 1 2 2 1 1 2 2 1 2 2 2 1 1 2 2 1 1 2 2 1 1 1 2 1 1 2 1 1 2 2 2 1 2
228 95 26 0 
2 2 1 2 2 1 1 1 2 1 2 2 1 2 1 2 1 1 2 2 1 1 2 1 1 2 2 1 2 2 1 1 2 2 2 2 2 2 2 1 2 2 2 2 2 2 1 1 1 2 1 2 2 2 2 2 2 2 2 2
227 171 84 0 
2 2 1 1 2 1 1 1 1 1 2 2 1 2 2 1 2 2 2 1 1 2 1 1 1 1 2 2 1 1 1 1 2 2 2 2 2 2 1 1 1 1 2 1 2 2 1 1 2 2 2 2 2 1 1 2 2 2 2 1
136 93 78 0 
2 1 2 2 1 1 1 1 1 2 2 2 1 1 2 1 2 2 2 2 1 1 1 1 1 1 2 2 2 2 1 1 2 2 1 2 2 2 2 1 1 1 1 2 2 2 1 1 2 2 1 2 1 2 1 2 2 2 2 1
292 46 78 1 
2 1 1 2 2 1 1 1 1 2 2 2 1 1 2 1 2 2 1 1 1 2 1 1 2 1 2 2 1 1 1 1 2 2 2 2 2 2 2 1 2 1 1 2 1 2 1 1 2 2 2 2 2 2 1 2 2 2 2 2
34 21 7 0 
2 2 2 2 2 1 1 1 1 2 2 2 1 1 2 2 2 2 2 2 1 1 1 1 1 1 2 2 2 2 2 1 2 2 2 2 2 2 2 2 1 1 2 1 2 2 1 1 2 1 1 1 2 1 2 1 2 2 2 1
155 63 56 1 
1 2 1 2 1 2 1 2 1 1 2 1 2 2 1 1 1 1 2 1 1 1 1 1 1 2 2 1 2 1 1 1 2 2 1 1 2 2 1 2 2 1 1 1 2 2 1 1 2 2 1 1 2 2 2 2 2 2 1 2
262 103 9 0 
1 1 2 1 2 2 1 1 2 2 2 2 1 2 2 2 2 1 1 1 1 1 1 1 2 2 1 1 2 2 1 2 2 2 2 2 2 1 1 1 1 2 2 1 2 1 1 1 2 2 2 2 2 2 1 1 2 2 2 2
300 193 71 1 
2 1 2 2 2 2 1 1 2 2 2 2 2 2 2 2 2 1 2 1 1 1 1 2 1 2 2 2 2 2 1 1 2 2 2 2 2 2 1 1 2 1 1 2 1 2 1 1 1 2 1 2 2 2 1 1 2 2 1 1
122 18 61 0 
2 2 2 2 1 2 1 2 2 2 2 2 2 2 1 1 2 1 1 1 1 2 1 1 1 1 1 2 1 1 1 1 2 2 1 2 2 2 1 1 2 1 2 2 2 2 1 1 2 1 2 2 2 2 1 1 2 2 2 2
123 30 16 0 
1 1 2 1 2 1 1 1 2 1 2 2 2 2 2 2 2 2 2 2 1 1 1 1 2 1 2 1 2 2 1 1 2 2 2 2 2 1 2 1 2 2 1 1 1 2 1 1 1 1 2 1 2 2 1 1 2 2 1 2
229 85 25 0 
2 2 2 2 2 2 1 2 2 2 2 2 2 2 1 2 2 1 2 1 1 1 1 2 2 1 2 2 2 1 1 1 2 2 1 2 2 1 2 1 2 2 2 1 1 1 1 1 2 1 2 2 1 2 2 1 2 2 2 2
119 14 76 1 
2 2 2 2 2 1 1 1 1 1 2 2 2 2 2 1 1 1 1 2 1 1 1 1 1 2 2 1 1 1 1 1 2 2 2 2 2 2 1 1 2 1 2 2 2 2 1 1 1 2 1 2 2 2 1 1 2 2 2 2
34 21 7 0 
2 2 2 2 2 1 1 1 1 2 2 2 1 1 2 2 2 2 2 2 1 1 1 1 1 1 2 2 2 2 2 1 2 2 2 2 2 2 2 2 1 1 2 1 2 2 1 1 2 1 1 1 2 1 2 1 2 2 2 1
156 114 34 0 
1 2 1 2 1 2 1 1 2 1 2 2 2 1 1 2 1 2 2 2 1 1 1 1 2 1 1 2 2 2 1 2 2 2 1 2 2 2 1 2 1 1 2 2 2 2 1 1 2 2 2 1 2 2 1 2 2 2 2 1
162 85 86 1 
1 2 1 2 1 2 1 1 2 2 2 2 2 2 1 2 2 1 2 1 1 2 1 1 1 1 2 2 2 1 1 1 2 2 1 2 2 2 2 1 2 1 2 2 2 2 1 1 1 1 2 1 2 2 2 2 2 2 2 2
93 51 56 1 
2 2 2 2 1 2 1 2 1 1 2 1 1 1 2 1 2 2 2 2 1 1 1 1 1 2 2 2 2 1 1 1 2 2 1 1 2 2 2 2 1 1 1 1 1 2 2 1 2 2 1 1 1 2 1 2 2 2 2 2
234 98 74 0 
2 2 2 2 2 2 2 1 2 1 2 2 1 2 2 2 2 1 2 1 1 1 1 1 1 2 2 1 2 2 1 1 2 2 2 1 2 2 2 1 1 2 1 1 2 2 1 1 2 1 2 1 2 1 2 1 2 2 2 2
238 193 60 1 
2 2 2 2 2 2 1 1 2 2 2 2 2 2 2 2 2 1 2 1 1 1 1 1 2 2 2 1 2 2 1 2 2 2 2 2 2 2 1 1 2 2 1 1 2 2 1 1 2 2 1 1 2 2 1 2 2 2 2 1
72 48 7 0 
2 2 2 2 2 2 1 1 2 2 2 2 2 1 1 1 1 1 1 1 1 1 2 1 1 2 2 1 2 2 1 2 2 2 2 2 1 2 1 2 2 1 1 2 1 1 2 1 1 1 2 1 2 2 1 1 2 2 2 1
108 28 13 1 
2 2 2 2 2 1 2 1 2 2 2 1 2 1 1 2 2 2 2 1 1 1 2 1 1 2 2 1 1 2 1 1 2 2 2 2 2 2 1 2 1 1 2 1 2 2 1 1 2 2 2 1 2 1 1 1 2 2 2 2
230 3 131 1 
2 2 2 2 2 1 2 1 1 1 1 2 2 2 1 2 1 2 1 1 2 1 1 1 1 2 1 1 1 2 1 1 2 2 1 2 2 2 1 2 1 1 1 1 1 2 2 1 1 2 2 2 1 2 1 1 2 2 2 2
64 58 15 0 
1 2 1 2 1 2 2 2 2 1 2 1 2 2 2 1 2 2 2 2 1 1 1 1 2 1 1 2 2 1 1 1 2 2 2 1 2 2 1 1 2 1 1 2 1 2 1 1 2 1 1 1 2 2 1 1 2 2 2 2
143 114 4 0 
2 2 1 1 1 2 1 1 2 2 2 2 2 2 1 2 1 1 2 2 1 1 1 2 1 2 2 1 2 1 1 1 2 2 1 2 2 2 1 1 2 1 1 1 1 1 1 1 2 1 2 2 2 2 1 2 2 2 2 1
53 35 36 1 
1 1 1 1 2 2 1 1 2 2 2 2 2 1 2 2 1 2 1 2 1 1 2 1 2 2 1 1 2 2 1 1 2 2 2 2 2 1 2 1 1 2 1 1 2 2 1 1 2 1 1 1 2 2 2 1 2 2 2 2
83 1 36 0 
1 2 2 1 2 2 1 1 2 2 1 2 1 2 2 2 1 2 1 1 1 1 1 1 2 2 1 1 2 2 1 1 2 2 2 2 2 1 2 1 1 2 1 1 2 2 1 1 1 1 1 1 2 2 2 2 2 2 2 1
118 66 2 0 
1 1 1 1 1 2 2 1 2 1 2 2 2 1 1 2 1 2 2 2 1 1 1 1 2 1 1 2 2 2 1 1 2 2 1 2 2 2 1 1 1 2 1 1 1 1 1 1 2 2 2 2 2 2 1 1 2 2 2 1
279 211 4 1 
1 1 2 2 2 2 1 1 2 2 2 2 2 2 2 2 1 2 1 1 1 1 1 2 2 2 1 1 2 2 2 2 2 2 2 2 2 2 2 2 2 1 1 1 1 1 1 1 2 1 2 1 2 2 1 2 2 2 2 2
103 53 59 1 
1 1 1 2 2 2 1 2 2 2 2 2 1 2 2 1 2 1 2 1 1 1 1 2 2 1 1 2 2 1 1 1 2 2 2 2 2 2 2 1 1 1 1 2 2 2 1 1 2 2 1 2 2 2 1 1 2 2 2 2
273 95 245 0 
2 2 2 2 2 2 1 1 2 2 2 2 1 1 2 1 2 1 2 1 1 1 1 1 1 1 2 1 2 2 1 2 2 2 1 1 2 2 2 2 2 2 2 2 2 1 1 1 2 1 1 1 2 2 2 2 2 2 1 2
220 10 183 1 
2 1 2 1 2 2 1 2 2 1 2 2 2 2 2 1 2 2 1 2 1 2 1 2 1 1 2 2 1 2 1 1 2 2 2 2 2 1 2 1 2 1 1 2 1 2 1 1 1 2 1 2 2 2 2 1 2 2 2 2
257 17 89 0 
2 2 2 2 1 2 1 1 1 1 1 1 2 2 2 2 2 2 2 2 1 2 1 1 1 1 2 1 2 2 1 1 2 2 1 2 2 1 2 1 2 2 2 2 1 1 1 2 1 2 1 2 1 2 1 1 2 2 2 2
242 49 164 1 
2 2 2 2 2 2 1 1 2 2 2 2 2 2 1 2 2 2 1 1 2 1 1 1 1 1 2 2 1 1 1 1 2 2 2 2 2 2 1 2 1 1 1 1 2 2 1 1 2 2 2 1 2 2 1 2 2 2 2 2
231 155 167 1 
2 1 2 1 1 2 1 1 1 1 1 1 2 2 1 1 1 1 2 2 1 1 1 1 1 2 2 1 2 2 1 1 2 2 1 2 2 2 1 1 2 2 1 1 2 1 1 1 2 2 1 2 2 2 2 1 2 2 2 2
102 30 25 1 
1 2 2 2 1 2 1 2 2 2 2 2 1 2 1 2 2 1 2 1 1 1 1 2 2 1 2 2 2 1 1 1 2 2 2 2 1 2 1 1 2 1 1 1 1 1 1 2 2 1 1 2 2 2 1 1 2 2 1 2
290 233 174 1 
2 2 1 1 2 2 2 1 2 1 2 2 2 1 1 2 1 1 1 1 1 1 2 1 1 2 2 1 2 2 1 1 2 2 2 1 2 2 2 1 1 2 1 1 2 1 1 1 2 2 2 1 2 2 1 1 2 2 2 2
254 128 72 1 
1 2 1 2 2 2 1 1 2 2 2 2 2 2 1 1 1 1 1 1 1 1 2 1 1 2 1 1 2 2 2 2 2 2 2 2 2 1 1 1 1 2 1 2 1 1 1 1 2 1 2 1 2 2 1 1 2 2 1 2
247 20 156 0 
2 1 2 1 1 1 2 1 1 2 1 2 2 2 1 1 2 1 1 2 2 1 1 1 1 2 2 1 1 2 1 2 2 2 1 1 2 2 2 1 2 1 2 2 2 2 1 1 2 2 2 2 2 2 1 1 2 2 2 2
77 41 13 1 
1 1 2 2 1 1 1 1 1 2 1 2 2 1 1 1 2 1 2 1 1 1 1 1 1 2 2 1 2 2 1 1 2 2 1 2 2 2 1 2 1 1 2 2 2 2 1 1 2 1 2 1 2 2 1 1 2 2 2 2
242 49 164 1 
2 2 2 2 2 2 1 1 2 2 2 2 2 2 1 2 2 2 1 1 2 1 1 1 1 1 2 2 1 1 1 1 2 2 2 2 2 2 1 2 1 1 1 1 2 2 1 1 2 2 2 1 2 2 1 2 2 2 2 2
145 45 71 0 
2 1 2 2 1 2 1 1 1 2 2 2 2 2 2 1 2 1 2 2 1 1 1 2 1 1 2 2 2 2 1 1 2 2 2 2 2 2 1 1 1 1 2 2 2 2 1 1 2 2 2 2 2 2 1 1 2 2 2 2
244 14 224 1 
2 2 2 2 2 1 1 2 1 1 2 1 2 2 1 1 1 1 1 2 1 1 2 1 1 2 1 1 2 2 2 1 2 2 2 1 2 2 1 1 1 2 2 1 2 2 1 1 2 2 1 2 2 2 2 1 2 2 2 2
14 1 2 1 
2 1 2 1 2 2 1 1 2 1 2 2 2 2 2 1 1 1 1 1 1 1 1 2 2 1 1 2 2 1 2 1 2 2 2 2 2 2 1 1 2 1 1 2 2 2 1 1 2 1 1 1 2 2 2 1 2 2 2 1
78 18 13 0 
1 1 2 2 1 1 1 1 2 2 2 2 1 1 1 1 2 2 1 2 2 1 1 1 1 1 2 2 1 2 1 1 2 2 2 2 2 2 2 1 2 1 2 2 2 2 1 1 2 1 2 1 2 2 2 2 2 2 1 2
268 21 245 0 
2 2 1 2 2 2 1 1 1 2 2 2 1 1 1 1 1 1 1 1 1 1 1 1 2 1 1 2 2 2 2 1 2 2 2 2 2 2 2 2 1 2 1 1 2 1 1 1 2 1 1 1 2 2 2 2 2 2 2 2
239 66 142 1 
1 1 2 1 1 2 2 2 2 2 2 2 2 1 2 1 2 1 2 1 2 2 1 2 1 1 2 2 2 1 1 1 2 2 1 2 2 2 1 1 2 1 2 1 1 2 1 1 2 2 2 1 2 2 1 1 2 2 2 2
143 114 4 0 
2 2 1 1 1 2 1 1 2 2 2 2 2 2 1 2 1 1 2 2 1 1 1 2 1 2 2 1 2 1 1 1 2 2 1 2 2 2 1 1 2 1 1 1 1 1 1 1 2 1 2 2 2 2 1 2 2 2 2 1
93 51 56 1 
2 2 2 2 1 2 1 2 1 1 2 1 1 1 2 1 2 2 2 2 1 1 1 1 1 2 2 2 2 1 1 1 2 2 1 1 2 2 2 2 1 1 1 1 1 2 2 1 2 2 1 1 1 2 1 2 2 2 2 2
185 114 6 0 
1 2 2 2 2 1 2 2 1 2 1 2 2 2 1 1 1 1 2 1 1 1 2 1 1 2 2 1 1 2 1 1 2 2 2 1 2 1 1 1 1 2 2 2 2 1 1 1 2 1 2 1 2 1 1 2 2 2 2 2
130 19 68 0 
1 1 1 1 2 2 2 1 2 2 2 2 2 1 2 1 2 1 2 1 1 1 2 1 2 2 2 1 2 2 1 1 2 2 2 2 2 2 1 2 1 1 1 1 1 2 1 1 2 2 2 1 1 2 1 2 2 2 2 2
67 41 54 0 
1 1 2 1 2 2 2 1 1 2 2 2 2 2 1 2 2 2 1 1 2 1 1 1 1 2 2 1 2 2 1 1 2 2 1 2 2 1 1 1 1 2 2 1 2 2 1 1 2 2 2 1 2 2 1 1 2 2 2 1
226 93 74 1 
2 1 2 1 1 2 1 1 1 2 1 2 1 2 2 2 2 2 2 1 1 1 1 1 2 2 2 1 1 2 1 1 2 2 1 1 2 2 2 1 1 2 1 1 1 2 2 1 2 2 1 2 1 1 1 1 2 2 2 2
11 1 2 1 
1 2 1 1 2 1 1 1 2 2 2 2 1 1 2 1 2 1 2 1 1 1 1 1 2 1 1 2 2 2 1 1 2 2 2 2 2 1 2 1 1 2 1 1 2 1 1 1 1 2 1 2 2 2 2 1 2 2 2 1
142 103 88 0 
1 2 1 1 2 2 2 1 2 1 2 2 1 2 1 1 1 2 1 1 1 2 2 2 1 1 2 2 1 2 1 1 2 2 2 2 2 2 2 1 1 2 1 1 2 2 1 1 2 2 2 1 2 2 1 1 2 2 2 2
165 77 79 0 
1 1 2 2 1 2 1 1 2 2 2 2 1 2 1 1 2 1 1 1 1 1 1 1 1 2 2 1 2 1 1 1 2 2 1 2 2 2 1 1 1 2 2 1 2 2 1 1 2 2 2 2 2 2 1 1 2 2 2 2
2 0 0 0 
1 2 1 2 2 1 1 1 1 2 2 2 2 1 2 1 2 1 2 1 1 1 1 2 1 1 2 2 2 1 1 1 2 2 2 2 1 2 1 1 2 1 1 2 1 2 1 1 2 1 2 1 2 2 1 2 2 2 1 2
149 11 86 1 
2 2 1 2 2 2 1 1 2 1 2 2 1 2 1 2 2 2 2 1 1 2 1 1 2 1 1 2 2 1 1 1 2 2 2 2 2 2 2 1 1 2 1 1 2 2 1 1 2 1 2 1 2 2 1 1 2 2 1 2
60 14 9 0 
1 2 2 2 2 2 1 1 2 2 2 2 2 2 2 2 1 1 1 1 1 1 1 1 2 2 1 1 1 2 1 2 2 2 2 2 2 1 1 1 2 2 1 1 2 1 1 1 2 2 1 2 2 2 2 1 2 2 1 2
72 48 7 0 
2 2 2 2 2 2 1 1 2 2 2 2 2 1 1 1 1 1 1 1 1 1 2 1 1 2 2 1 2 2 1 2 2 2 2 2 1 2 1 2 2 1 1 2 1 1 2 1 1 1 2 1 2 2 1 1 2 2 2 1
58 11 27 1 
1 2 1 1 2 1 1 2 2 2 2 2 1 2 2 2 2 2 2 2 1 1 1 1 2 1 1 2 2 1 1 1 2 2 2 2 2 2 1 1 2 1 1 1 1 1 1 1 2 2 1 2 2 2 1 1 2 2 1 2
97 3 76 1 
2 2 2 2 1 2 2 2 1 2 1 2 2 2 1 2 2 2 1 1 1 1 1 1 1 2 2 1 2 2 1 1 2 2 1 2 2 2 1 2 2 1 2 1 2 2 1 2 1 2 2 2 1 2 1 1 2 2 2 2
48 12 25 1 
1 2 2 2 2 2 1 1 2 2 2 2 1 2 1 1 1 1 1 1 1 1 2 2 1 1 2 2 2 1 1 1 2 2 2 2 1 1 1 1 2 2 1 1 1 1 1 2 1 1 1 2 2 2 2 1 2 2 2 2
284 43 42 1 
2 1 2 2 2 2 1 1 2 2 2 2 1 2 2 1 1 2 1 2 1 1 1 1 1 2 2 2 2 2 1 1 2 2 1 1 2 2 1 2 2 1 1 1 1 2 1 1 1 1 1 1 1 2 1 1 2 2 2 1
76 3 26 0 
2 2 2 2 2 1 2 1 2 1 2 2 2 2 1 2 1 2 2 1 1 1 1 2 2 1 1 1 1 2 1 1 2 2 1 2 2 2 2 1 2 1 2 1 2 2 1 2 2 1 2 2 2 1 1 2 2 2 2 1
29 12 9 1 
1 1 1 1 2 2 1 1 2 2 2 2 1 2 1 2 1 1 1 1 1 1 1 1 2 2 1 1 2 2 1 2 2 2 2 2 2 2 1 2 2 2 1 1 2 2 1 1 1 2 1 2 2 2 2 1 2 2 2 1
256 238 224 1 
2 2 2 1 2 1 1 1 2 2 2 2 2 2 2 1 1 2 1 2 1 1 1 1 2 2 1 1 2 2 2 1 2 2 2 1 2 2 1 1 2 2 1 2 2 2 1 1 2 2 1 2 2 2 1 1 2 2 2 2
186 132 112 0 
2 2 2 2 1 2 2 1 2 2 2 2 2 2 1 2 2 2 2 2 1 1 1 1 2 1 1 2 2 1 1 1 2 2 2 1 2 2 1 1 1 2 1 1 2 2 1 1 2 1 1 1 1 1 1 1 2 2 2 2
162 85 86 1 
1 2 1 2 1 2 1 1 2 2 2 2 2 2 1 2 2 1 2 1 1 2 1 1 1 1 2 2 2 1 1 1 2 2 1 2 2 2 2 1 2 1 2 2 2 2 1 1 1 1 2 1 2 2 2 2 2 2 2 2
57 31 33 0 
1 1 1 2 2 1 1 1 2 2 2 2 2 2 2 2 2 1 2 1 1 1 1 2 2 1 1 1 2 2 1 1 2 2 2 1 2 2 1 1 2 1 1 1 2 1 1 1 1 2 1 1 2 2 1 2 2 2 2 1
302 190 173 0 
1 2 2 2 2 2 1 2 2 1 2 1 2 2 1 1 2 1 2 2 1 1 2 1 1 1 2 2 1 2 1 1 2 2 2 2 1 2 1 1 2 1 1 1 1 2 2 1 1 2 1 1 2 1 2 1 2 2 2 2
166 126 83 0 
2 1 2 2 2 2 1 1 1 2 2 2 1 2 2 2 1 1 1 1 1 1 1 1 2 2 1 1 2 2 1 1 2 2 1 2 2 1 1 1 1 1 1 1 1 2 1 1 2 1 2 1 2 2 2 2 2 2 2 2
78 18 13 0 
1 1 2 2 1 1 1 1 2 2 2 2 1 1 1 1 2 2 1 2 2 1 1 1 1 1 2 2 1 2 1 1 2 2 2 2 2 2 2 1 2 1 2 2 2 2 1 1 2 1 2 1 2 2 2 2 2 2 1 2
20 3 2 1 
1 2 2 2 1 1 2 1 1 1 1 2 2 2 1 2 2 2 1 2 2 1 1 1 1 1 2 2 1 2 1 1 2 2 1 2 2 2 2 1 2 1 2 2 2 2 1 1 2 2 2 2 2 2 1 1 2 2 2 1
113 63 39 0 
1 2 1 1 1 2 1 1 1 1 2 2 2 2 2 1 2 1 2 1 1 1 2 1 1 1 2 1 2 2 2 1 2 2 2 1 2 2 1 2 2 2 1 2 2 1 1 1 1 1 1 1 2 2 1 1 2 2 2 1
105 81 75 1 
1 2 2 2 2 2 2 1 1 2 1 2 2 2 1 2 2 1 2 1 1 1 1 1 1 2 2 1 2 2 1 2 2 2 2 2 2 2 1 2 2 2 2 1 1 1 1 1 1 2 2 1 2 2 2 2 2 2 2 2
184 103 181 0 
1 2 1 2 2 2 1 1 2 1 2 2 1 2 2 2 1 2 1 1 1 1 1 1 2 1 1 2 1 2 1 1 2 2 2 2 2 1 2 1 1 2 1 1 2 2 1 1 2 1 1 2 2 2 1 1 2 2 2 2
160 51 94 1 
2 1 2 2 1 2 1 2 1 1 2 1 2 2 2 1 2 1 2 1 1 1 1 1 1 1 2 2 2 1 1 1 2 2 2 1 2 2 2 2 1 2 1 1 1 1 2 2 1 2 1 2 2 1 1 1 2 2 2 2
252 119 84 1 
2 1 2 2 2 1 1 1 1 1 2 2 2 2 2 2 1 1 1 1 1 2 1 1 1 1 2 1 1 2 1 1 2 2 2 2 2 2 1 1 2 2 2 1 2 2 1 1 2 2 2 2 2 2 1 2 2 2 2 1
46 21 9 1 
2 2 1 2 2 2 1 1 1 2 2 2 1 2 2 2 1 2 1 1 1 1 1 1 1 2 2 1 1 2 1 2 2 2 2 2 2 2 2 2 1 2 2 1 2 1 1 1 1 2 1 2 2 2 2 1 2 2 2 1
100 23 67 0 
2 1 2 2 2 2 1 2 2 1 2 2 2 2 2 1 1 2 1 1 1 2 1 1 2 1 1 2 2 2 2 1 2 2 2 1 1 1 1 1 2 2 1 1 1 2 1 1 2 2 1 1 2 2 2 1 2 2 2 1
180 48 112 0 
1 2 2 2 2 2 1 1 2 2 2 2 1 2 1 2 1 2 1 1 1 2 2 1 1 1 2 2 1 1 1 1 2 2 2 1 1 2 1 1 2 2 1 1 1 2 2 1 1 2 1 1 2 2 2 2 2 2 2 2
228 95 26 0 
2 2 1 2 2 1 1 1 2 1 2 2 1 2 1 2 1 1 2 2 1 1 2 1 1 2 2 1 2 2 1 1 2 2 2 2 2 2 2 1 2 2 2 2 2 2 1 1 1 2 1 2 2 2 2 2 2 2 2 2
116 44 57 1 
2 1 1 2 2 1 1 1 1 2 2 2 1 2 2 2 2 1 2 1 1 1 1 2 1 1 2 1 1 2 1 1 2 2 1 1 2 2 1 1 2 1 1 1 2 1 1 1 1 1 1 1 2 2 2 1 2 2 2 2
160 51 94 1 
2 1 2 2 1 2 1 2 1 1 2 1 2 2 2 1 2 1 2 1 1 1 1 1 1 1 2 2 2 1 1 1 2 2 2 1 2 2 2 2 1 2 1 1 1 1 2 2 1 2 1 2 2 1 1 1 2 2 2 2
170 158 38 1 
1 2 1 2 1 2 1 2 2 2 2 2 2 2 1 1 2 1 2 2 1 1 1 2 2 1 2 2 2 2 1 1 2 2 1 1 2 2 1 1 1 2 2 1 2 1 1 1 2 2 2 2 2 2 1 1 2 2 2 2
75 43 4 0 
2 1 2 1 2 2 1 1 1 2 2 2 2 2 2 2 1 2 1 1 1 1 1 1 1 2 2 1 2 2 1 2 2 2 2 2 2 2 2 2 2 1 1 1 1 1 1 1 1 2 1 1 1 2 1 2 2 2 2 1
274 126 167 1 
2 1 2 1 2 2 1 1 1 2 2 2 2 2 2 2 1 2 2 2 1 1 2 2 1 1 1 1 2 2 1 1 2 2 1 2 2 2 1 1 1 1 1 2 1 1 1 1 1 2 1 2 2 2 2 1 2 2 1 1
210 170 151 1 
1 1 1 1 1 2 1 1 2 2 2 2 2 1 1 2 1 2 2 2 1 1 2 1 1 2 2 1 2 2 1 1 2 2 1 2 2 2 1 1 2 1 2 1 2 2 1 1 2 2 2 1 2 1 1 1 2 2 2 2
71 14 59 0 
2 1 2 2 2 2 1 2 2 2 2 2 2 2 2 1 1 1 1 2 1 1 1 2 2 1 2 2 1 2 1 1 2 2 2 2 2 2 1 1 1 1 2 2 2 2 1 1 1 2 1 2 2 2 1 1 2 2 1 2
240 1 78 1 
2 1 2 2 1 1 1 1 2 2 2 2 2 1 2 1 1 2 1 1 1 2 1 1 2 1 1 2 2 1 2 1 2 2 1 2 2 2 1 2 2 2 1 2 2 2 1 1 1 1 1 1 2 2 1 2 2 2 2 1
235 171 207 0 
2 2 1 1 2 2 1 1 1 2 2 2 1 2 2 2 2 2 2 2 1 1 1 2 1 1 2 2 1 2 1 1 2 2 2 2 2 2 1 1 1 2 2 1 2 2 1 1 2 2 2 2 2 2 2 2 2 2 2 2
40 23 13 0 
2 1 2 2 2 1 1 1 2 2 2 1 1 1 1 2 1 2 1 2 1 1 1 1 2 2 1 1 1 2 1 1 2 2 2 2 2 2 1 2 2 1 1 1 2 2 1 1 1 2 1 1 2 1 2 1 2 2 2 2
119 14 76 1 
2 2 2 2 2 1 1 1 1 1 2 2 2 2 2 1 1 1 1 2 1 1 1 1 1 2 2 1 1 1 1 1 2 2 2 2 2 2 1 1 2 1 2 2 2 2 1 1 1 2 1 2 2 2 1 1 2 2 2 2
184 103 181 0 
1 2 1 2 2 2 1 1 2 1 2 2 1 2 2 2 1 2 1 1 1 1 1 1 2 1 1 2 1 2 1 1 2 2 2 2 2 1 2 1 1 2 1 1 2 2 1 1 2 1 1 2 2 2 1 1 2 2 2 2
74 43 27 0 
2 1 2 1 2 2 1 2 1 2 2 2 2 2 2 2 1 2 1 1 1 2 1 1 2 1 1 2 2 1 1 1 2 2 1 2 2 2 1 1 2 2 1 1 2 2 1 1 1 2 1 2 1 1 1 1 2 2 2 2
295 30 275 1 
2 1 2 1 2 1 1 1 2 2 2 2 2 2 2 2 2 2 2 2 1 1 1 1 2 1 1 2 2 2 1 2 2 2 2 2 2 2 1 2 2 2 1 1 1 1 1 1 1 2 2 1 2 1 1 2 2 2 1 2
290 233 174 1 
2 2 1 1 2 2 2 1 2 1 2 2 2 1 1 2 1 1 1 1 1 1 2 1 1 2 2 1 2 2 1 1 2 2 2 1 2 2 2 1 1 2 1 1 2 1 1 1 2 2 2 1 2 2 1 1 2 2 2 2
294 55 214 0 
2 2 2 2 2 2 2 1 2 2 2 2 1 2 1 1 1 1 1 1 1 1 1 2 2 1 1 2 2 2 1 2 2 2 1 2 2 2 1 1 2 1 1 1 2 2 1 1 2 1 2 1 2 2 1 2 2 2 2 2
103 53 59 1 
1 1 1 2 2 2 1 2 2 2 2 2 1 2 2 1 2 1 2 1 1 1 1 2 2 1 1 2 2 1 1 1 2 2 2 2 2 2 2 1 1 1 1 2 2 2 1 1 2 2 1 2 2 2 1 1 2 2 2 2
89 45 39 0 
2 2 2 2 2 2 1 1 1 1 2 1 2 2 1 2 2 2 1 2 2 1 1 1 1 1 2 1 2 2 1 1 2 2 2 1 1 2 1 1 2 2 1 2 1 1 1 2 2 1 2 1 2 2 1 1 2 2 2 1
44 21 27 1 
2 2 1 1 2 1 1 1 1 2 2 2 1 2 2 1 2 2 2 1 1 2 1 1 1 1 2 2 1 1 1 1 2 2 2 1 2 2 1 1 1 2 2 1 2 2 1 1 1 2 1 2 2 1 2 1 2 2 2 2
59 28 38 0 
2 1 2 2 2 2 2 2 2 2 2 2 2 1 1 1 1 1 2 1 1 1 2 2 1 1 2 2 1 2 1 1 2 2 2 1 2 2 1 1 1 2 2 2 2 2 1 1 2 2 2 2 2 2 1 1 2 2 2 2
200 43 166 0 
2 2 2 2 2 2 1 1 2 1 2 2 1 1 1 2 1 1 1 1 1 1 1 1 1 2 2 1 2 2 1 1 2 2 1 2 2 1 2 1 2 1 1 1 1 1 1 1 1 2 1 2 1 2 1 2 2 2 2 2
187 17 67 1 
2 1 2 1 1 2 1 1 1 2 2 2 2 2 2 2 2 2 2 1 1 1 1 1 1 2 2 1 2 2 1 1 2 2 2 2 1 1 1 1 2 2 1 1 2 2 2 1 1 2 2 2 1 2 1 1 2 2 2 1
129 17 86 0 
2 2 2 1 2 1 2 1 1 1 2 2 2 2 2 2 2 2 2 1 1 2 1 1 1 1 1 2 2 2 1 1 2 2 1 2 2 2 2 1 2 2 2 1 2 2 2 1 1 1 2 1 2 2 2 2 2 2 1 2
232 162 129 0 
1 2 2 2 2 2 1 2 2 1 2 2 2 2 2 2 1 2 1 2 2 2 1 1 1 1 2 2 1 2 1 1 2 2 2 1 2 2 1 1 2 2 2 1 2 2 1 2 1 1 1 2 2 2 2 2 2 2 2 2
206 162 196 0 
1 1 2 1 2 2 1 1 2 2 2 2 2 2 2 2 1 2 1 1 2 2 1 1 1 1 2 1 2 2 1 1 2 2 1 1 2 2 2 1 2 2 2 2 2 2 1 1 1 2 2 2 2 2 2 1 2 2 2 1
101 35 27 1 
1 2 2 2 2 2 1 2 2 2 2 2 2 2 2 2 1 2 1 2 1 1 1 1 2 1 1 2 2 2 1 1 2 2 2 1 2 2 2 1 1 1 1 1 2 1 1 1 2 2 1 1 2 2 2 1 2 2 2 2
56 3 42 0 
2 2 2 2 2 2 2 1 1 1 1 2 2 1 1 1 1 2 1 2 2 1 1 1 2 2 1 2 1 2 1 1 2 2 1 1 2 2 2 2 1 1 1 1 2 2 1 1 2 2 2 1 1 2 1 2 2 2 2 2
101 35 27 1 
1 2 2 2 2 2 1 2 2 2 2 2 2 2 2 2 1 2 1 2 1 1 1 1 2 1 1 2 2 2 1 1 2 2 2 1 2 2 2 1 1 1 1 1 2 1 1 1 2 2 1 1 2 2 2 1 2 2 2 2
26 17 2 0 
2 1 2 1 1 2 1 1 1 1 1 2 2 2 2 2 1 2 2 1 1 1 1 2 2 1 1 2 2 1 1 1 2 2 2 2 1 2 1 1 2 1 1 2 2 2 2 1 1 2 2 2 1 2 2 2 2 2 1 2
239 66 142 1 
1 1 2 1 1 2 2 2 2 2 2 2 2 1 2 1 2 1 2 1 2 2 1 2 1 1 2 2 2 1 1 1 2 2 1 2 2 2 1 1 2 1 2 1 1 2 1 1 2 2 2 1 2 2 1 1 2 2 2 2
210 170 151 1 
1 1 1 1 1 2 1 1 2 2 2 2 2 1 1 2 1 2 2 2 1 1 2 1 1 2 2 1 2 2 1 1 2 2 1 2 2 2 1 1 2 1 2 1 2 2 1 1 2 2 2 1 2 1 1 1 2 2 2 2
260 20 79 0 
2 1 2 2 1 2 2 1 1 2 2 1 2 1 2 1 2 1 2 1 1 1 1 1 1 2 2 1 1 2 1 1 2 2 1 2 2 2 1 1 1 2 2 1 2 2 1 1 2 2 2 2 2 2 1 1 2 2 2 2
17 3 2 1 
2 2 2 2 2 1 2 1 1 1 1 2 2 2 1 2 1 2 2 2 1 1 1 1 2 1 1 2 2 2 1 1 2 2 1 2 2 1 2 1 2 2 2 1 2 1 2 1 1 1 2 1 1 2 1 2 2 2 2 1
53 35 36 1 
1 1 1 1 2 2 1 1 2 2 2 2 2 1 2 2 1 2 1 2 1 1 2 1 2 2 1 1 2 2 1 1 2 2 2 2 2 1 2 1 1 2 1 1 2 2 1 1 2 1 1 1 2 2 2 1 2 2 2 2
253 220 164 1 
1 2 1 2 2 2 2 1 1 2 2 2 2 2 2 2 2 2 1 1 2 1 2 1 1 1 2 2 1 1 1 1 2 2 2 2 2 2 2 2 2 1 1 1 1 2 1 1 1 1 1 1 2 2 2 2 2 2 2 2
132 108 40 1 
2 2 2 2 2 1 2 1 2 2 2 1 2 1 1 2 2 2 2 2 1 1 1 1 2 2 1 1 2 2 1 1 2 2 2 2 2 2 1 2 1 2 1 1 2 2 1 1 2 2 1 1 1 1 1 1 2 2 2 2
117 8 27 1 
1 1 2 1 1 2 1 1 1 2 2 2 2 2 2 1 2 2 2 1 1 2 1 1 1 1 2 2 2 2 1 1 2 2 1 2 2 2 1 1 2 1 1 1 1 2 2 1 1 2 2 2 2 1 1 1 2 2 2 2
182 77 36 0 
1 1 2 1 1 2 1 1 1 2 1 2 2 2 1 2 2 2 2 2 1 1 1 1 1 2 2 1 2 2 1 1 2 2 1 2 2 2 1 2 1 2 2 1 2 2 1 1 1 1 2 1 2 2 1 2 2 2 2 1
45 41 2 1 
2 2 2 2 1 2 1 1 1 1 2 2 2 2 1 2 2 2 1 2 2 1 1 1 1 1 2 2 2 2 1 1 2 2 1 2 2 1 1 1 1 2 2 1 2 1 1 1 2 2 2 2 2 2 1 1 2 2 2 1
171 44 139 1 
2 2 1 2 2 2 1 1 1 1 2 2 1 2 2 2 2 2 2 2 1 1 1 1 1 1 2 2 1 1 1 1 2 2 2 2 2 2 1 1 1 1 1 2 2 2 1 1 2 1 2 1 2 2 2 1 2 2 2 2
173 3 13 0 
2 2 2 2 2 2 2 1 1 2 1 1 2 1 1 1 1 1 2 2 1 1 1 1 1 1 2 2 1 2 1 1 2 2 1 2 2 2 2 1 2 1 2 1 1 2 2 1 1 2 2 1 1 1 1 1 2 2 2 2
131 35 76 0 
1 2 2 2 2 1 1 1 2 1 2 2 2 2 2 2 1 2 1 1 1 1 1 2 2 1 1 1 2 2 1 1 2 2 2 1 2 2 2 2 1 2 1 2 2 2 1 1 2 2 1 2 2 2 2 1 2 2 2 2
65 48 13 1 
1 2 2 2 2 2 1 1 2 2 2 1 2 1 1 2 1 2 1 2 1 1 2 1 1 2 2 1 2 2 1 1 2 2 2 2 1 2 1 1 2 1 1 2 1 2 2 1 1 1 2 1 2 2 1 2 2 2 2 2
124 97 96 1 
2 2 2 2 2 2 2 1 2 2 2 2 2 2 2 2 2 2 1 2 1 2 1 1 2 1 1 1 2 2 1 1 2 2 1 2 2 2 1 1 2 2 2 1 2 1 1 2 2 1 2 1 2 2 1 1 2 2 2 1
303 119 165 1 
2 1 2 2 2 1 1 1 1 2 2 2 2 1 1 1 1 1 2 1 1 1 1 1 2 2 1 1 1 1 1 1 2 2 2 2 2 2 1 1 2 1 2 2 2 2 1 1 1 2 1 2 2 2 1 1 2 2 2 2
128 23 118 1 
2 1 2 1 2 2 1 1 2 2 2 2 1 2 1 1 1 1 1 2 1 1 2 1 1 2 1 2 2 2 2 1 2 2 2 2 2 2 1 1 2 1 1 1 1 1 1 1 1 2 1 2 2 2 2 1 2 2 2 1
150 98 89 0 
1 2 2 2 2 2 1 1 2 1 2 2 1 2 1 2 1 2 2 2 1 1 1 1 1 1 2 2 2 2 1 1 2 2 2 2 2 1 2 1 1 2 1 1 2 1 1 1 2 2 2 1 2 2 2 1 2 2 2 2
25 5 4 0 
2 1 2 1 2 2 2 1 2 2 2 2 2 2 1 2 1 1 1 1 1 1 2 2 1 1 2 2 2 1 1 1 2 2 2 2 1 2 1 2 2 1 1 1 1 1 2 1 1 1 2 2 2 2 1 2 2 2 2 2
135 46 27 0 
2 2 2 1 2 1 1 1 2 2 2 2 2 2 2 1 2 2 1 1 1 1 1 1 1 1 2 2 1 1 2 1 2 2 2 2 2 2 2 1 2 2 1 1 1 2 1 1 2 2 2 1 2 1 2 1 2 2 1 2
166 126 83 0 
2 1 2 2 2 2 1 1 1 2 2 2 1 2 2 2 1 1 1 1 1 1 1 1 2 2 1 1 2 2 1 1 2 2 1 2 2 1 1 1 1 1 1 1 1 2 1 1 2 1 2 1 2 2 2 2 2 2 2 2
158 44 67 1 
2 1 1 1 1 2 1 1 2 2 2 2 2 2 1 1 2 2 2 1 1 1 1 1 1 2 2 2 1 2 1 1 2 2 2 1 2 2 1 1 1 1 2 1 2 2 1 1 2 2 2 2 1 2 2 1 2 2 2 1
11 1 2 1 
1 2 1 1 2 1 1 1 2 2 2 2 1 1 2 1 2 1 2 1 1 1 1 1 2 1 1 2 2 2 1 1 2 2 2 2 2 1 2 1 1 2 1 1 2 1 1 1 1 2 1 2 2 2 2 1 2 2 2 1
69 29 27 1 
1 1 1 2 2 2 1 1 2 2 2 2 2 2 2 1 1 2 1 1 1 2 1 1 2 1 1 2 2 1 1 1 2 2 2 2 2 2 1 1 2 1 1 1 2 2 1 1 1 2 1 1 2 1 1 1 2 2 2 2
115 101 57 1 
1 1 2 2 2 1 1 1 2 2 2 2 2 2 2 2 2 1 2 1 1 1 1 2 2 2 2 1 2 2 1 1 2 2 2 2 2 2 2 1 1 1 1 1 2 1 1 1 2 2 1 1 2 2 2 2 2 2 2 1
303 119 165 1 
2 1 2 2 2 1 1 1 1 2 2 2 2 1 1 1 1 1 2 1 1 1 1 1 2 2 1 1 1 1 1 1 2 2 2 2 2 2 1 1 2 1 2 2 2 2 1 1 1 2 1 2 2 2 1 1 2 2 2 2
92 11 27 0 
1 2 1 2 2 1 1 2 2 2 2 2 1 2 2 1 2 2 2 2 1 2 1 1 1 1 1 2 2 2 1 1 2 2 2 2 1 2 1 1 2 2 1 1 1 2 1 1 2 2 2 1 2 2 1 1 2 2 2 2
36 11 9 0 
2 1 1 1 2 2 1 1 2 2 2 2 1 2 2 2 2 2 2 1 1 1 1 1 2 1 1 2 2 2 1 1 2 2 2 2 1 2 1 2 2 2 1 1 2 2 1 1 1 1 1 1 2 2 2 1 2 2 1 2
180 48 112 0 
1 2 2 2 2 2 1 1 2 2 2 2 1 2 1 2 1 2 1 1 1 2 2 1 1 1 2 2 1 1 1 1 2 2 2 1 1 2 1 1 2 2 1 1 1 2 2 1 1 2 1 1 2 2 2 2 2 2 2 2
223 158 184 1 
1 2 1 2 1 2 1 1 2 2 2 2 2 1 1 2 2 1 1 1 1 1 1 1 1 1 2 2 1 2 1 1 2 2 1 2 2 1 1 2 1 2 1 1 2 2 1 1 2 1 2 1 1 2 2 1 2 2 1 2
154 69 111 1 
1 1 1 2 2 2 1 1 2 2 2 2 2 2 1 2 2 2 1 2 2 2 1 1 1 1 2 1 1 2 1 1 2 2 2 2 2 1 1 1 2 1 1 2 2 2 1 1 1 2 1 2 2 2 1 1 2 2 2 2
301 256 216 1 
2 2 2 2 2 2 1 1 2 1 2 2 2 2 1 2 2 2 2 1 1 2 1 1 2 2 1 2 2 1 1 1 2 2 1 2 2 2 1 1 2 2 2 1 2 2 1 1 2 1 2 1 2 1 1 1 2 2 2 2
131 35 76 0 
1 2 2 2 2 1 1 1 2 1 2 2 2 2 2 2 1 2 1 1 1 1 1 2 2 1 1 1 2 2 1 1 2 2 2 1 2 2 2 2 1 2 1 2 2 2 1 1 2 2 1 2 2 2 2 1 2 2 2 2
107 77 39 1 
1 2 2 2 1 2 1 1 2 1 2 2 2 2 1 1 2 1 2 1 1 1 1 1 1 2 2 1 2 2 1 1 2 2 1 1 2 2 2 1 1 2 2 2 2 1 1 2 1 1 1 1 2 2 1 1 2 2 2 1
59 28 38 0 
2 1 2 2 2 2 2 2 2 2 2 2 2 1 1 1 1 1 2 1 1 1 2 2 1 1 2 2 1 2 1 1 2 2 2 1 2 2 1 1 1 2 2 2 2 2 1 1 2 2 2 2 2 2 1 1 2 2 2 2
127 30 113 1 
2 1 2 1 2 1 1 1 2 1 2 2 1 2 1 2 2 2 2 1 1 1 1 1 2 1 1 1 2 2 1 2 2 2 2 1 2 2 2 2 2 2 1 2 2 1 1 1 2 1 1 1 2 2 1 1 2 2 1 2
275 62 147 0 
2 1 1 2 1 2 1 1 2 2 2 1 2 1 2 1 2 2 2 2 1 1 1 1 1 1 2 2 2 2 1 2 2 2 2 2 2 2 1 2 2 1 1 1 1 2 1 1 2 2 1 1 2 1 1 2 2 2 2 2
88 52 2 0 
1 2 1 1 2 2 1 1 1 2 2 2 2 1 1 1 2 2 1 1 2 1 2 2 1 1 2 2 2 1 1 1 2 2 2 2 1 2 1 1 2 2 1 1 2 2 1 1 1 2 2 1 1 2 1 1 2 2 1 2
114 28 16 1 
2 1 2 1 2 1 2 1 1 2 1 2 2 2 1 2 1 2 2 2 1 1 2 1 1 2 2 1 1 2 1 1 2 2 2 1 2 2 1 1 1 2 2 1 2 1 1 1 2 2 2 2 2 2 1 1 2 2 2 2
245 188 75 0 
2 1 2 1 2 2 1 1 2 2 2 2 1 2 1 2 1 2 1 1 1 1 1 1 1 2 2 1 2 2 1 2 2 2 1 2 2 2 2 2 2 2 2 1 1 1 1 1 2 1 2 1 1 2 1 2 2 2 2 1
156 114 34 0 
1 2 1 2 1 2 1 1 2 1 2 2 2 1 1 2 1 2 2 2 1 1 1 1 2 1 1 2 2 2 1 2 2 2 1 2 2 2 1 2 1 1 2 2 2 2 1 1 2 2 2 1 2 2 1 2 2 2 2 1
13 1 2 0 
2 1 2 2 2 1 1 1 2 2 1 2 1 1 2 1 2 1 2 1 1 1 1 1 2 1 1 2 2 2 1 1 2 2 2 2 2 2 2 1 1 1 1 2 2 2 1 1 2 1 1 1 1 2 1 2 2 2 2 2
52 19 32 1 
1 1 1 1 2 1 1 1 2 1 2 2 2 2 1 1 2 1 1 2 2 2 2 2 1 1 2 2 2 1 1 1 2 2 2 1 1 2 1 1 2 1 1 2 1 2 1 1 2 1 2 2 1 2 1 1 2 2 1 2
172 102 109 1 
2 2 2 2 2 1 2 2 2 2 2 2 1 2 1 1 2 2 2 2 1 1 1 1 1 1 2 2 2 2 1 1 2 2 2 1 1 2 1 2 2 1 1 1 1 2 1 1 2 2 1 2 2 2 1 1 2 2 2 2
4 1 2 0 
2 1 2 1 2 2 1 1 2 2 2 2 2 2 2 2 1 2 2 1 1 1 1 2 2 1 1 2 2 1 2 1 2 2 2 2 2 2 2 1 1 1 1 1 2 1 1 1 2 1 1 2 2 2 2 2 2 2 2 1
258 158 57 1 
1 1 1 2 1 2 1 1 2 2 2 2 2 2 1 2 2 2 1 2 1 1 1 1 2 2 2 1 1 2 1 1 2 2 2 1 2 2 1 1 1 2 2 1 2 2 1 1 2 1 2 1 1 2 2 1 2 2 1 2
193 30 72 1 
2 2 2 2 2 2 1 1 2 2 2 2 2 1 2 1 2 1 2 1 1 1 1 1 2 1 2 2 2 2 1 2 2 2 2 2 2 2 1 1 2 2 1 1 2 1 1 1 2 1 1 1 2 2 1 1 2 2 2 1
300 193 71 1 
2 1 2 2 2 2 1 1 2 2 2 2 2 2 2 2 2 1 2 1 1 1 1 2 1 2 2 2 2 2 1 1 2 2 2 2 2 2 1 1 2 1 1 2 1 2 1 1 1 2 1 2 2 2 1 1 2 2 1 1
106 63 57 0 
1 1 1 2 1 1 1 1 1 2 2 2 2 2 2 2 2 1 2 1 1 1 1 2 1 1 2 1 2 2 2 1 2 2 2 1 2 2 1 1 2 1 1 1 2 2 1 1 2 1 1 1 2 2 1 1 2 2 1 2
208 63 106 1 
1 1 1 1 1 1 1 1 1 2 2 2 2 2 2 2 2 1 2 1 1 1 2 2 1 1 2 1 2 2 1 1 2 2 1 1 2 2 1 1 2 1 1 1 2 2 1 1 1 2 1 1 2 2 2 1 2 2 2 1
181 63 89 0 
1 2 1 2 1 2 1 1 1 1 2 1 2 2 2 2 2 2 1 1 1 2 1 1 1 1 2 2 2 2 2 1 2 2 1 2 2 1 1 1 2 2 1 1 2 1 1 1 1 1 1 2 2 2 1 1 2 2 2 2
150 98 89 0 
1 2 2 2 2 2 1 1 2 1 2 2 1 2 1 2 1 2 2 2 1 1 1 1 1 1 2 2 2 2 1 1 2 2 2 2 2 1 2 1 1 2 1 1 2 1 1 1 2 2 2 1 2 2 2 1 2 2 2 2
3 0 0 1 
1 2 2 2 1 2 2 2 2 1 2 1 2 2 1 1 2 1 1 2 2 1 1 1 1 2 2 1 1 2 1 1 2 2 1 1 2 2 2 1 2 1 2 1 2 1 1 2 2 1 2 2 2 1 1 1 2 2 2 2
199 127 131 1 
2 1 1 2 1 2 1 1 1 2 2 2 2 2 2 2 2 1 1 1 1 1 1 1 1 2 1 1 2 2 2 1 2 2 1 1 2 2 2 2 2 1 1 1 1 2 1 1 1 2 1 2 2 2 1 1 2 2 2 2
186 132 112 0 
2 2 2 2 1 2 2 1 2 2 2 2 2 2 1 2 2 2 2 2 1 1 1 1 2 1 1 2 2 1 1 1 2 2 2 1 2 2 1 1 1 2 1 1 2 2 1 1 2 1 1 1 1 1 1 1 2 2 2 2
19 3 2 1 
2 1 2 1 2 2 2 1 1 2 2 2 2 2 1 2 2 2 1 2 2 1 1 2 2 1 2 2 2 2 1 1 2 2 1 2 2 1 1 1 1 2 1 1 1 1 1 1 2 2 2 2 1 2 1 1 2 2 2 1
81 52 15 1 
1 2 1 2 2 2 1 2 2 1 2 1 2 2 1 1 1 2 2 2 2 1 2 1 1 1 2 2 2 2 1 1 2 2 2 1 1 2 1 2 1 2 2 2 1 2 1 1 2 1 2 1 1 2 1 2 2 2 2 2
217 14 16 1 
1 1 1 1 2 1 1 1 1 1 2 2 2 2 2 2 1 1 1 1 1 1 1 1 1 2 2 1 1 2 1 1 2 2 2 1 2 2 1 1 1 2 2 1 2 2 1 1 1 2 1 2 2 2 1 1 2 2 1 2
203 137 139 1 
1 2 1 2 2 2 1 1 2 1 2 2 1 2 2 2 1 2 1 2 1 1 1 1 1 1 2 2 2 1 1 1 2 2 2 2 2 2 1 1 2 1 1 2 2 2 1 1 1 1 1 1 2 2 2 1 2 2 1 2
22 3 2 0 
1 1 2 2 2 2 2 1 1 2 1 2 2 1 1 1 1 1 2 1 1 1 1 2 2 1 1 2 2 1 1 1 2 2 1 2 2 2 1 1 1 1 1 2 1 2 1 1 2 2 2 2 2 2 1 1 2 2 2 2
213 70 87 1 
1 2 1 1 2 2 1 1 2 2 2 2 2 2 1 2 2 1 1 2 2 1 1 2 2 1 2 2 2 1 1 2 2 2 2 2 1 2 1 2 2 1 2 1 1 1 1 1 1 2 1 1 1 2 1 1 2 2 2 2
22 3 2 0 
1 1 2 2 2 2 2 1 1 2 1 2 2 1 1 1 1 1 2 1 1 1 1 2 2 1 1 2 2 1 1 1 2 2 1 2 2 2 1 1 1 1 1 2 1 2 1 1 2 2 2 2 2 2 1 1 2 2 2 2
175 124 67 1 
2 1 2 1 2 2 2 1 2 2 2 2 2 2 2 2 2 2 2 1 2 2 1 1 1 1 1 2 2 2 1 1 2 2 1 1 2 2 1 1 2 1 2 1 2 2 1 1 2 2 2 1 2 2 1 1 2 2 1 2
80 12 39 0 
2 2 2 2 2 2 1 1 2 1 2 2 1 2 1 2 1 2 1 2 1 1 2 1 2 2 1 1 2 2 1 1 2 2 2 1 1 2 1 2 2 2 1 2 2 1 1 2 1 1 1 1 2 2 2 2 2 2 2 2
179 97 32 1 
2 2 2 1 1 2 2 1 2 2 2 2 2 2 2 1 2 1 1 2 1 2 1 1 2 1 1 2 2 2 1 1 2 2 2 2 2 2 1 1 2 1 2 1 2 1 2 1 1 1 2 2 1 2 1 1 2 2 2 2
222 66 104 1 
1 2 2 2 1 2 2 1 2 2 2 2 2 2 1 2 1 2 2 1 1 1 1 1 1 1 1 2 2 2 1 1 2 2 1 1 2 2 1 2 2 2 1 2 1 2 1 1 2 2 2 1 2 2 1 2 2 2 2 2
68 53 40 0 
1 1 1 2 2 2 1 1 2 2 2 2 2 1 2 1 1 1 2 1 1 1 1 1 2 2 1 1 2 1 1 1 2 2 2 2 2 2 2 1 1 2 1 1 2 2 1 1 2 1 1 1 2 2 1 2 2 2 2 2
209 175 106 0 
1 1 1 2 2 1 1 1 2 2 2 2 2 2 2 2 2 1 2 1 2 1 1 2 1 1 2 2 2 2 1 1 2 2 1 2 2 2 1 1 2 2 2 1 2 2 1 1 2 1 1 1 2 2 1 1 2 2 2 2
209 175 106 0 
1 1 1 2 2 1 1 1 2 2 2 2 2 2 2 2 2 1 2 1 2 1 1 2 1 1 2 2 2 2 1 1 2 2 1 2 2 2 1 1 2 2 2 1 2 2 1 1 2 1 1 1 2 2 1 1 2 2 2 2
54 30 9 0 
1 2 1 2 1 2 1 1 2 2 2 2 2 2 1 2 2 2 2 1 1 1 1 1 2 2 1 1 2 2 1 2 2 2 2 2 2 1 2 1 2 2 1 1 2 1 1 1 2 2 2 1 2 2 1 1 2 2 1 1
16 1 2 0 
1 1 1 1 1 2 1 1 2 1 2 2 2 2 2 2 1 2 1 2 1 1 1 1 2 1 1 2 2 2 1 1 2 2 1 2 2 1 1 1 2 2 1 1 2 1 1 1 1 2 1 2 2 2 1 1 2 2 2 2
271 154 118 0 
1 1 2 1 2 2 1 2 2 2 2 2 2 1 2 2 2 2 1 2 2 1 1 1 1 2 1 1 2 2 1 1 2 2 2 2 1 2 1 1 1 2 2 1 2 1 1 1 1 2 1 2 2 2 1 1 2 2 2 1
194 14 67 1 
1 1 1 1 2 2 1 2 2 1 2 2 2 2 2 1 1 2 1 1 1 2 1 1 2 1 1 2 1 2 1 1 2 2 2 2 2 2 1 1 1 1 2 2 2 2 1 1 1 2 1 1 2 2 1 1 2 2 2 2
168 69 129 0 
1 2 1 1 2 1 1 1 2 1 2 2 2 2 2 2 1 2 1 1 1 2 1 1 2 1 1 1 2 2 1 1 2 2 2 1 2 2 1 1 1 2 1 1 2 2 1 1 2 1 1 1 1 2 1 2 2 2 2 2
207 12 191 0 
2 2 1 2 2 2 1 1 2 2 2 2 1 2 2 2 2 2 2 1 1 1 2 2 1 1 2 2 2 1 1 1 2 2 2 2 2 2 1 1 2 1 1 1 2 1 1 1 2 2 2 2 2 2 1 2 2 2 1 2
141 117 61 0 
1 2 2 1 1 2 1 1 1 2 2 2 2 2 1 1 2 1 1 1 2 1 1 2 1 1 2 2 2 1 1 1 2 2 1 1 2 2 1 1 2 2 1 2 1 2 2 1 2 1 2 2 2 2 1 1 2 2 2 2
32 5 2 0 
2 1 1 1 2 1 1 1 1 2 2 2 2 1 1 2 1 2 2 2 2 1 1 2 1 1 2 2 2 1 1 1 2 2 1 2 2 2 1 1 1 1 1 2 1 2 1 1 2 1 2 2 2 2 2 1 2 2 2 2
264 188 255 0 
2 1 2 2 2 2 1 1 2 2 2 1 1 1 1 1 1 2 2 1 1 2 1 1 1 1 2 1 2 1 1 1 2 2 1 2 2 2 2 1 2 2 2 2 1 2 1 1 2 2 2 2 1 2 1 1 2 2 2 2
61 3 25 0 
2 1 2 1 2 2 2 1 1 2 1 2 2 2 1 1 1 1 1 1 2 1 1 2 1 1 2 2 1 2 1 1 2 2 1 2 2 1 1 1 2 1 2 1 2 1 1 1 2 1 2 2 2 2 1 1 2 2 2 2
37 20 22 1 
1 1 2 2 1 2 2 2 1 1 1 1 2 2 1 1 2 1 1 2 2 1 1 1 1 2 2 1 1 2 1 1 2 2 2 1 2 2 1 1 1 1 2 1 2 1 1 1 2 2 2 2 2 2 1 1 2 2 2 2
260 20 79 0 
2 1 2 2 1 2 2 1 1 2 2 1 2 1 2 1 2 1 2 1 1 1 1 1 1 2 2 1 1 2 1 1 2 2 1 2 2 2 1 1 1 2 2 1 2 2 1 1 2 2 2 2 2 2 1 1 2 2 2 2
151 132 25 0 
2 1 2 1 2 2 2 1 2 2 2 2 1 2 2 2 2 1 2 1 1 1 1 2 2 1 1 2 2 1 1 1 2 2 2 2 2 2 1 1 1 2 1 1 2 1 1 2 2 1 1 2 1 2 1 2 2 2 2 2
96 65 33 0 
2 1 2 2 2 1 1 2 2 2 2 2 2 2 1 2 1 2 1 2 1 2 2 1 1 1 2 1 2 1 1 2 2 2 2 2 2 2 1 2 2 1 1 1 1 1 2 1 1 2 2 1 2 2 1 2 2 2 2 1
272 212 232 0 
2 1 2 2 2 2 1 1 1 2 2 2 2 2 2 2 2 1 1 1 2 2 1 1 2 1 2 2 1 1 1 1 2 2 1 1 2 2 1 1 1 2 2 1 2 2 1 1 1 1 2 1 2 2 1 2 2 2 2 2
145 45 71 0 
2 1 2 2 1 2 1 1 1 2 2 2 2 2 2 1 2 1 2 2 1 1 1 2 1 1 2 2 2 2 1 1 2 2 2 2 2 2 1 1 1 1 2 2 2 2 1 1 2 2 2 2 2 2 1 1 2 2 2 2
169 119 32 1 
2 2 2 1 2 2 1 1 1 2 2 2 2 1 2 2 1 2 1 2 1 1 1 2 2 1 1 2 1 1 1 1 2 2 2 2 2 2 1 1 1 1 2 2 2 2 1 1 1 1 1 2 2 2 1 1 2 2 2 2
278 140 147 0 
1 1 2 2 1 2 2 1 2 2 2 1 2 1 1 1 1 1 2 1 2 1 1 1 1 1 1 2 1 2 2 1 2 2 2 2 2 2 1 1 2 2 1 1 2 2 2 1 1 2 1 1 2 1 2 1 2 2 1 2
30 11 9 1 
1 2 1 2 1 2 1 1 2 2 2 2 1 2 1 2 2 2 2 2 1 1 1 1 2 2 2 1 2 2 1 1 2 2 2 2 1 2 1 2 2 2 1 1 1 2 1 1 1 2 2 1 2 2 1 1 2 2 2 1
243 24 150 1 
2 2 2 2 2 2 1 1 2 1 2 2 2 2 2 2 1 2 1 2 1 1 1 1 1 1 2 2 2 2 1 1 2 2 2 2 2 1 2 2 1 2 2 1 2 1 1 1 1 2 1 2 2 2 2 2 2 2 2 2
191 5 4 0 
2 1 2 1 2 2 2 1 1 2 2 2 2 2 1 2 1 2 1 1 1 1 2 2 1 1 2 2 1 1 1 1 2 2 2 2 1 2 1 1 2 1 1 1 1 1 1 1 2 1 2 2 2 2 2 2 2 2 2 1
7 1 2 0 
2 2 2 2 2 1 1 1 2 2 2 2 1 1 2 1 2 1 2 1 1 1 1 1 2 1 1 2 2 2 2 1 2 2 2 2 2 2 2 1 1 2 1 2 2 1 1 1 1 1 1 1 1 2 1 1 2 2 2 1
294 55 214 0 
2 2 2 2 2 2 2 1 2 2 2 2 1 2 1 1 1 1 1 1 1 1 1 2 2 1 1 2 2 2 1 2 2 2 1 2 2 2 1 1 2 1 1 1 2 2 1 1 2 1 2 1 2 2 1 2 2 2 2 2
240 1 78 1 
2 1 2 2 1 1 1 1 2 2 2 2 2 1 2 1 1 2 1 1 1 2 1 1 2 1 1 2 2 1 2 1 2 2 1 2 2 2 1 2 2 2 1 2 2 2 1 1 1 1 1 1 2 2 1 2 2 2 2 1
232 162 129 0 
1 2 2 2 2 2 1 2 2 1 2 2 2 2 2 2 1 2 1 2 2 2 1 1 1 1 2 2 1 2 1 1 2 2 2 1 2 2 1 1 2 2 2 1 2 2 1 2 1 1 1 2 2 2 2 2 2 2 2 2
50 3 40 1 
2 1 2 2 1 1 2 1 2 2 2 2 2 1 1 2 2 2 1 1 2 1 1 1 1 2 2 1 1 2 1 1 2 2 1 2 2 2 2 2 2 1 2 1 2 2 1 1 2 2 2 1 1 1 1 1 2 2 2 2
18 3 2 1 
1 2 2 2 1 1 2 1 2 2 2 2 2 1 1 1 2 1 1 1 2 1 1 1 1 1 1 2 1 2 1 1 2 2 1 2 2 2 2 1 2 1 2 2 2 2 1 1 2 2 2 2 2 2 1 2 2 2 2 1
110 45 40 1 
2 1 2 2 2 1 1 1 1 2 2 1 2 1 2 1 2 1 2 1 1 1 1 1 1 2 2 1 2 1 1 1 2 2 1 2 2 2 1 2 1 1 2 1 2 2 1 1 2 1 2 1 2 2 1 2 2 2 2 2
291 116 146 0 
2 1 1 1 1 2 1 1 1 2 2 2 1 2 2 2 1 2 1 1 1 1 1 1 1 1 1 2 2 2 1 1 2 2 1 2 2 1 1 1 2 2 1 1 2 2 1 1 1 1 1 1 2 2 2 2 2 2 2 1
23 1 2 1 
2 2 2 2 2 1 1 1 2 2 2 2 2 1 2 1 1 1 1 1 1 1 1 2 2 1 1 2 2 1 2 1 2 2 2 2 2 1 1 1 1 2 1 1 2 1 1 1 1 2 1 1 2 2 2 2 2 2 2 2
85 81 42 1 
2 1 2 1 2 1 1 1 2 2 2 2 2 2 1 1 2 2 2 2 1 1 1 1 1 2 2 2 2 2 1 1 2 2 1 1 2 2 2 2 1 2 2 2 1 2 1 1 2 1 2 2 1 2 1 2 2 2 2 2
202 170 61 0 
2 1 2 1 2 2 2 1 2 2 2 2 2 2 1 1 1 1 2 1 1 1 2 1 1 1 2 2 2 2 1 1 2 2 1 2 2 1 1 1 2 2 2 1 2 1 1 1 2 1 2 2 2 2 1 1 2 2 2 2
104 10 86 0 
1 2 1 2 2 2 1 1 2 2 2 2 2 2 2 2 2 1 1 1 1 1 1 1 2 1 1 2 2 1 1 1 2 2 1 2 2 2 2 1 2 1 1 2 1 2 1 1 2 1 1 1 2 2 2 2 2 2 2 2
161 45 71 0 
2 2 2 2 2 2 1 2 1 2 2 2 2 2 2 1 2 1 2 2 1 1 1 2 1 1 2 2 2 2 1 1 2 2 2 2 1 2 1 1 1 1 2 2 2 2 1 1 2 2 2 2 2 2 1 1 2 2 1 1
192 52 167 1 
1 1 1 2 2 2 1 2 1 2 2 2 2 2 1 1 1 1 1 2 2 1 2 2 1 1 2 1 1 2 1 1 2 2 1 2 2 2 1 1 1 1 2 2 2 2 1 1 1 2 2 2 1 2 1 1 2 2 1 1
288 162 89 0 
1 2 1 2 1 2 1 1 2 1 2 1 2 2 2 1 1 2 1 1 2 2 1 1 1 1 2 1 1 2 1 1 2 2 1 1 2 1 1 1 2 2 2 1 2 1 1 2 1 2 2 1 2 2 2 1 2 2 2 1
196 51 61 0 
2 1 2 1 1 2 1 1 2 2 2 2 2 2 2 1 2 1 2 1 1 2 1 1 1 1 1 2 2 1 1 1 2 2 1 1 2 2 1 1 1 2 1 2 1 2 2 1 2 2 1 2 2 2 1 1 2 2 1 2
274 126 167 1 
2 1 2 1 2 2 1 1 1 2 2 2 2 2 2 2 1 2 2 2 1 1 2 2 1 1 1 1 2 2 1 1 2 2 1 2 2 2 1 1 1 1 1 2 1 1 1 1 1 2 1 2 2 2 2 1 2 2 1 1
64 58 15 0 
1 2 1 2 1 2 2 2 2 1 2 1 2 2 2 1 2 2 2 2 1 1 1 1 2 1 1 2 2 1 1 1 2 2 2 1 2 2 1 1 2 1 1 2 1 2 1 1 2 1 1 1 2 2 1 1 2 2 2 2
113 63 39 0 
1 2 1 1 1 2 1 1 1 1 2 2 2 2 2 1 2 1 2 1 1 1 2 1 1 1 2 1 2 2 2 1 2 2 2 1 2 2 1 2 2 2 1 2 2 1 1 1 1 1 1 1 2 2 1 1 2 2 2 1
1 0 0 1 
1 2 1 2 1 2 1 1 2 2 1 2 1 2 2 2 2 1 2 1 1 1 1 1 2 2 1 1 2 2 1 2 2 2 1 2 2 2 1 2 2 1 1 1 2 2 1 1 2 1 1 1 1 2 1 2 2 2 2 2
211 127 9 1 
2 1 2 2 2 2 1 1 1 2 2 2 1 2 1 2 2 1 2 1 1 1 1 1 2 2 1 1 2 2 2 2 2 2 2 2 2 1 2 2 2 2 2 1 2 1 1 1 2 2 1 2 2 2 1 1 2 2 2 2
70 19 7 1 
1 2 1 2 2 2 2 1 1 2 2 2 2 1 1 2 2 2 1 2 2 1 1 1 2 2 2 1 2 2 1 2 2 2 2 2 1 2 1 1 2 2 1 2 1 1 1 1 2 1 2 1 1 2 1 1 2 2 2 2
90 49 75 0 
1 2 2 2 1 2 2 1 1 2 2 2 2 2 1 2 2 2 2 1 1 1 1 1 1 2 2 1 1 2 1 2 2 2 2 2 2 2 1 2 1 1 1 1 2 1 1 1 2 2 2 1 2 1 1 1 2 2 2 1
85 81 42 1 
2 1 2 1 2 1 1 1 2 2 2 2 2 2 1 1 2 2 2 2 1 1 1 1 1 2 2 2 2 2 1 1 2 2 1 1 2 2 2 2 1 2 2 2 1 2 1 1 2 1 2 2 1 2 1 2 2 2 2 2
187 17 67 1 
2 1 2 1 1 2 1 1 1 2 2 2 2 2 2 2 2 2 2 1 1 1 1 1 1 2 2 1 2 2 1 1 2 2 2 2 1 1 1 1 2 2 1 1 2 2 2 1 1 2 2 2 1 2 1 1 2 2 2 1
19 3 2 1 
2 1 2 1 2 2 2 1 1 2 2 2 2 2 1 2 2 2 1 2 2 1 1 2 2 1 2 2 2 2 1 1 2 2 1 2 2 1 1 1 1 2 1 1 1 1 1 1 2 2 2 2 1 2 1 1 2 2 2 1
208 63 106 1 
1 1 1 1 1 1 1 1 1 2 2 2 2 2 2 2 2 1 2 1 1 1 2 2 1 1 2 1 2 2 1 1 2 2 1 1 2 2 1 1 2 1 1 1 2 2 1 1 1 2 1 1 2 2 2 1 2 2 2 1
193 30 72 1 
2 2 2 2 2 2 1 1 2 2 2 2 2 1 2 1 2 1 2 1 1 1 1 1 2 1 2 2 2 2 1 2 2 2 2 2 2 2 1 1 2 2 1 1 2 1 1 1 2 1 1 1 2 2 1 1 2 2 2 1
38 5 22 0 
2 1 2 2 2 2 2 1 2 2 2 2 2 1 1 1 1 1 1 2 1 1 2 1 1 2 2 2 2 1 1 1 2 2 1 2 2 2 1 1 2 1 1 2 1 2 1 1 2 2 2 2 2 2 1 1 2 2 2 2
280 11 135 1 
2 2 1 2 1 1 1 1 2 2 2 2 1 2 1 1 1 2 1 1 1 1 1 1 1 1 2 2 2 1 1 1 2 2 2 2 2 2 2 1 1 2 1 1 2 2 1 1 1 2 2 1 2 1 1 1 2 2 1 1
92 11 27 0 
1 2 1 2 2 1 1 2 2 2 2 2 1 2 2 1 2 2 2 2 1 2 1 1 1 1 1 2 2 2 1 1 2 2 2 2 1 2 1 1 2 2 1 1 1 2 1 1 2 2 2 1 2 2 1 1 2 2 2 2
236 140 57 1 
1 1 1 1 1 1 2 1 2 2 2 2 2 2 1 2 1 1 2 1 2 1 1 2 1 1 1 1 1 2 2 1 2 2 2 2 2 2 1 1 2 2 1 1 2 2 2 1 2 2 1 1 2 2 2 2 2 2 2 2
79 35 60 0 
1 1 2 2 2 2 1 1 2 2 1 2 1 2 1 2 1 1 1 1 1 1 1 1 2 2 1 1 2 1 1 1 2 2 2 2 2 2 1 1 2 2 1 1 2 2 1 1 2 2 1 2 2 2 1 1 2 2 2 2
122 18 61 0 
2 2 2 2 1 2 1 2 2 2 2 2 2 2 1 1 2 1 1 1 1 2 1 1 1 1 1 2 1 1 1 1 2 2 1 2 2 2 1 1 2 1 2 2 2 2 1 1 2 1 2 2 2 2 1 1 2 2 2 2
45 41 2 1 
2 2 2 2 1 2 1 1 1 1 2 2 2 2 1 2 2 2 1 2 2 1 1 1 1 1 2 2 2 2 1 1 2 2 1 2 2 1 1 1 1 2 2 1 2 1 1 1 2 2 2 2 2 2 1 1 2 2 2 1
58 11 27 1 
1 2 1 1 2 1 1 2 2 2 2 2 1 2 2 2 2 2 2 2 1 1 1 1 2 1 1 2 2 1 1 1 2 2 2 2 2 2 1 1 2 1 1 1 1 1 1 1 2 2 1 2 2 2 1 1 2 2 1 2
245 188 75 0 
2 1 2 1 2 2 1 1 2 2 2 2 1 2 1 2 1 2 1 1 1 1 1 1 1 2 2 1 2 2 1 2 2 2 1 2 2 2 2 2 2 2 2 1 1 1 1 1 2 1 2 1 1 2 1 2 2 2 2 1
77 41 13 1 
1 1 2 2 1 1 1 1 1 2 1 2 2 1 1 1 2 1 2 1 1 1 1 1 1 2 2 1 2 2 1 1 2 2 1 2 2 2 1 2 1 1 2 2 2 2 1 1 2 1 2 1 2 2 1 1 2 2 2 2
133 117 6 1 
1 2 1 2 2 1 1 2 2 2 2 2 2 2 2 2 2 1 2 2 1 1 1 1 1 2 2 1 2 2 1 1 2 2 2 1 2 2 1 1 1 1 1 2 1 1 2 2 1 1 2 1 2 2 1 2 2 2 2 2
20 3 2 1 
1 2 2 2 1 1 2 1 1 1 1 2 2 2 1 2 2 2 1 2 2 1 1 1 1 1 2 2 1 2 1 1 2 2 1 2 2 2 2 1 2 1 2 2 2 2 1 1 2 2 2 2 2 2 1 1 2 2 2 1
98 24 38 1 
1 2 2 2 2 2 1 2 2 2 2 2 2 1 2 1 2 1 2 2 1 1 1 1 1 2 2 2 2 1 1 1 2 2 2 1 2 2 2 1 1 2 1 1 2 1 1 1 2 2 2 2 2 2 2 1 2 2 2 2
203 137 139 1 
1 2 1 2 2 2 1 1 2 1 2 2 1 2 2 2 1 2 1 2 1 1 1 1 1 1 2 2 2 1 1 1 2 2 2 2 2 2 1 1 2 1 1 2 2 2 1 1 1 1 1 1 2 2 2 1 2 2 1 2
194 14 67 1 
1 1 1 1 2 2 1 2 2 1 2 2 2 2 2 1 1 2 1 1 1 2 1 1 2 1 1 2 1 2 1 1 2 2 2 2 2 2 1 1 1 1 2 2 2 2 1 1 1 2 1 1 2 2 1 1 2 2 2 2
126 116 60 1 
2 2 1 2 2 2 1 1 1 2 2 2 1 2 2 2 2 1 2 1 1 1 2 1 1 2 1 1 2 1 1 1 2 2 1 2 2 2 1 1 1 2 1 1 1 1 1 1 1 2 1 2 2 2 2 2 2 2 2 1
237 158 86 1 
1 2 1 2 2 2 1 1 2 1 2 2 2 2 1 1 2 2 1 1 1 1 1 1 2 2 2 2 1 1 1 1 2 2 1 2 2 2 1 1 1 1 2 2 2 2 1 1 2 1 2 1 2 2 2 1 2 2 2 2
269 12 235 1 
2 2 2 1 2 2 1 1 2 2 2 2 2 2 2 2 2 2 2 2 1 1 2 2 1 1 2 2 2 1 1 1 2 2 2 2 2 2 1 1 2 1 1 2 1 2 1 1 1 2 1 2 2 2 2 2 2 2 1 2
246 125 40 0 
2 2 2 2 2 2 2 1 2 2 2 1 2 1 2 2 2 2 2 2 1 1 1 1 1 2 2 1 2 2 1 1 2 2 2 2 2 2 2 2 1 1 1 1 2 2 1 1 2 2 1 1 2 1 1 1 2 2 2 2
43 10 7 1 
2 2 2 2 2 2 1 1 1 2 2 2 2 1 2 1 1 1 1 1 1 1 1 1 2 1 1 2 2 2 1 1 2 2 1 2 2 2 2 1 2 2 1 1 1 2 1 1 1 1 1 1 2 1 2 1 2 2 2 2
292 46 78 1 
2 1 1 2 2 1 1 1 1 2 2 2 1 1 2 1 2 2 1 1 1 2 1 1 2 1 2 2 1 1 1 1 2 2 2 2 2 2 2 1 2 1 1 2 1 2 1 1 2 2 2 2 2 2 1 2 2 2 2 2
146 47 57 0 
2 1 2 1 2 2 1 1 2 2 2 2 2 2 2 2 2 2 1 2 1 1 1 1 1 2 2 1 2 2 1 1 2 2 2 2 1 2 1 1 2 1 1 1 2 2 1 1 1 2 1 1 2 2 2 2 2 2 1 2
135 46 27 0 
2 2 2 1 2 1 1 1 2 2 2 2 2 2 2 1 2 2 1 1 1 1 1 1 1 1 2 2 1 1 2 1 2 2 2 2 2 2 2 1 2 2 1 1 1 2 1 1 2 2 2 1 2 1 2 1 2 2 1 2
224 114 185 0 
1 2 1 2 1 1 1 2 2 1 2 1 2 2 2 1 2 1 2 1 1 1 1 1 2 2 1 1 2 2 1 1 2 2 1 2 2 2 1 1 2 2 1 2 1 2 1 1 2 2 2 2 2 2 1 1 2 2 2 2
31 10 16 1 
2 1 2 1 2 1 1 1 2 2 2 2 2 2 2 2 2 2 1 2 1 1 1 1 2 2 1 1 2 2 1 1 2 2 2 2 2 2 2 1 1 2 1 1 2 2 1 1 2 1 1 1 1 2 2 1 2 2 2 2
265 261 6 0 
2 2 2 2 2 1 1 1 1 1 2 2 2 2 1 2 1 1 2 1 2 1 1 1 1 1 2 2 2 2 1 1 2 2 2 1 2 1 2 1 2 1 2 2 1 1 2 2 1 1 1 2 2 1 2 1 2 2 2 2
301 256 216 1 
2 2 2 2 2 2 1 1 2 1 2 2 2 2 1 2 2 2 2 1 1 2 1 1 2 2 1 2 2 1 1 1 2 2 1 2 2 2 1 1 2 2 2 1 2 2 1 1 2 1 2 1 2 1 1 1 2 2 2 2
157 28 138 0 
2 1 2 2 1 1 2 1 2 1 2 2 2 1 1 1 1 1 1 1 2 2 1 1 1 2 2 2 1 2 1 1 2 2 2 1 2 2 1 1 1 1 2 2 2 2 1 1 2 2 2 1 2 2 1 2 2 2 2 2
221 193 183 0 
2 1 2 1 2 1 1 1 2 1 2 2 2 2 2 1 2 2 2 2 1 1 1 2 2 1 2 2 2 2 2 1 2 2 2 2 2 1 1 1 2 1 1 2 2 2 1 1 2 1 1 2 2 2 1 1 2 2 1 2
120 19 86 1 
1 2 2 2 2 2 2 1 1 1 2 2 2 2 1 2 2 1 2 1 1 1 2 1 2 2 2 2 2 2 1 1 2 2 2 2 2 2 1 1 1 1 1 2 1 2 1 1 2 1 2 1 2 2 1 1 2 2 2 2
248 10 56 1 
1 2 1 2 2 2 1 2 1 1 2 2 2 1 2 1 2 1 1 1 1 2 1 1 1 2 2 1 1 1 1 1 2 2 1 1 2 2 2 2 1 1 1 1 1 2 1 1 1 2 1 2 2 2 2 2 2 2 2 2
251 105 241 0 
2 1 2 2 2 2 1 1 2 2 2 2 2 2 2 2 2 1 2 1 1 1 1 1 2 2 2 2 2 2 1 1 2 2 2 2 2 2 2 1 2 1 1 1 1 2 1 1 2 2 2 1 2 2 2 1 2 2 2 2
28 18 22 1 
2 1 2 2 1 2 2 2 2 1 2 1 2 2 1 1 2 1 1 2 2 1 1 2 1 1 2 2 2 1 1 1 2 2 2 2 2 2 1 1 1 1 2 2 2 2 1 1 2 2 2 2 2 2 1 1 2 2 2 2
35 14 13 1 
1 1 1 2 2 1 1 1 2 2 2 1 2 1 2 1 1 1 1 1 1 1 2 1 2 2 1 1 2 2 2 1 2 2 2 2 2 2 1 2 2 1 1 1 2 2 1 1 2 2 1 1 2 1 2 1 2 2 2 2
141 117 61 0 
1 2 2 1 1 2 1 1 1 2 2 2 2 2 1 1 2 1 1 1 2 1 1 2 1 1 2 2 2 1 1 1 2 2 1 1 2 2 1 1 2 2 1 2 1 2 2 1 2 1 2 2 2 2 1 1 2 2 2 2
229 85 25 0 
2 2 2 2 2 2 1 2 2 2 2 2 2 2 1 2 2 1 2 1 1 1 1 2 2 1 2 2 2 1 1 1 2 2 1 2 2 1 2 1 2 2 2 1 1 1 1 1 2 1 2 2 1 2 2 1 2 2 2 2
3 0 0 1 
1 2 2 2 1 2 2 2 2 1 2 1 2 2 1 1 2 1 1 2 2 1 1 1 1 2 2 1 1 2 1 1 2 2 1 1 2 2 2 1 2 1 2 1 2 1 1 2 2 1 2 2 2 1 1 1 2 2 2 2
271 154 118 0 
1 1 2 1 2 2 1 2 2 2 2 2 2 1 2 2 2 2 1 2 2 1 1 1 1 2 1 1 2 2 1 1 2 2 2 2 1 2 1 1 1 2 2 1 2 1 1 1 1 2 1 2 2 2 1 1 2 2 2 1
177 162 139 0 
1 2 2 1 2 2 1 1 2 1 2 2 2 2 2 2 1 2 1 2 2 1 1 1 1 1 2 2 1 1 1 1 2 2 2 2 2 2 2 1 2 1 2 2 2 2 1 1 1 1 1 1 2 2 2 1 2 2 2 2
117 8 27 1 
1 1 2 1 1 2 1 1 1 2 2 2 2 2 2 1 2 2 2 1 1 2 1 1 1 1 2 2 2 2 1 1 2 2 1 2 2 2 1 1 2 1 1 1 1 2 2 1 1 2 2 2 2 1 1 1 2 2 2 2
188 81 73 1 
2 1 2 2 2 1 1 2 2 2 2 2 2 1 1 1 1 1 2 1 2 1 2 1 1 1 2 2 2 2 1 1 2 2 1 1 2 2 2 1 2 1 2 2 1 2 1 1 2 1 2 1 1 2 1 2 2 2 2 1
155 63 56 1 
1 2 1 2 1 2 1 2 1 1 2 1 2 2 1 1 1 1 2 1 1 1 1 1 1 2 2 1 2 1 1 1 2 2 1 1 2 2 1 2 2 1 1 1 2 2 1 1 2 2 1 1 2 2 2 2 2 2 1 2
112 101 74 0 
2 1 2 1 2 2 1 2 2 2 2 2 2 2 2 2 2 2 2 1 1 2 1 1 1 1 2 2 2 1 1 1 2 2 1 1 2 2 1 1 1 2 1 1 1 2 1 1 2 1 1 1 2 1 2 1 2 2 2 2
224 114 185 0 
1 2 1 2 1 1 1 2 2 1 2 1 2 2 2 1 2 1 2 1 1 1 1 1 2 2 1 1 2 2 1 1 2 2 1 2 2 2 1 1 2 2 1 2 1 2 1 1 2 2 2 2 2 2 1 1 2 2 2 2
96 65 33 0 
2 1 2 2 2 1 1 2 2 2 2 2 2 2 1 2 1 2 1 2 1 2 2 1 1 1 2 1 2 1 1 2 2 2 2 2 2 2 1 2 2 1 1 1 1 1 2 1 1 2 2 1 2 2 1 2 2 2 2 1
137 11 36 1 
2 1 1 1 1 2 1 1 2 2 2 2 1 1 1 2 1 2 1 2 1 1 1 1 1 2 2 1 2 2 1 1 2 2 2 2 1 2 2 1 2 2 1 1 2 2 1 1 1 1 1 1 2 2 2 2 2 2 1 1
266 95 59 1 
2 2 1 2 2 2 1 2 1 2 2 2 1 2 2 1 2 1 2 2 2 1 2 2 1 1 2 2 2 2 1 1 2 2 2 1 2 2 2 1 2 2 2 2 2 2 1 1 2 2 1 2 2 2 2 1 2 2 2 2
183 52 59 0 
1 1 1 2 1 2 1 2 1 2 2 2 2 1 1 1 2 1 2 2 2 1 2 2 1 1 2 2 2 2 1 1 2 2 2 2 1 2 1 1 1 2 2 2 2 2 1 1 1 2 2 2 2 2 1 1 2 2 2 2
10 1 2 1 
2 1 2 1 2 2 1 1 2 1 2 2 2 2 2 2 1 2 1 1 1 1 1 1 2 1 1 2 2 1 1 1 2 2 1 2 2 1 2 1 1 2 1 1 2 1 1 1 2 1 1 1 1 2 1 2 2 2 2 2
74 43 27 0 
2 1 2 1 2 2 1 2 1 2 2 2 2 2 2 2 1 2 1 1 1 2 1 1 2 1 1 2 2 1 1 1 2 2 1 2 2 2 1 1 2 2 1 1 2 2 1 1 1 2 1 2 1 1 1 1 2 2 2 2
197 105 183 1 
1 1 2 1 2 1 1 1 2 1 2 2 2 2 2 1 1 2 1 2 1 2 1 2 2 1 1 2 2 2 2 1 2 2 2 2 2 1 1 1 2 1 2 2 1 2 1 1 2 1 1 2 2 2 2 1 2 2 2 2
182 77 36 0 
1 1 2 1 1 2 1 1 1 2 1 2 2 2 1 2 2 2 2 2 1 1 1 1 1 2 2 1 2 2 1 1 2 2 1 2 2 2 1 2 1 2 2 1 2 2 1 1 1 1 2 1 2 2 1 2 2 2 2 1
38 5 22 0 
2 1 2 2 2 2 2 1 2 2 2 2 2 1 1 1 1 1 1 2 1 1 2 1 1 2 2 2 2 1 1 1 2 2 1 2 2 2 1 1 2 1 1 2 1 2 1 1 2 2 2 2 2 2 1 1 2 2 2 2
73 18 6 0 
1 2 2 2 1 2 2 1 2 1 2 2 1 2 1 2 1 1 1 2 1 1 1 1 1 1 2 2 2 2 1 1 2 2 1 1 2 2 1 1 1 1 2 2 2 1 1 2 2 1 2 1 2 2 2 2 2 2 1 2
94 3 38 0 
1 2 2 2 2 2 2 2 1 2 1 2 2 2 1 1 1 1 2 1 1 1 1 2 1 1 2 2 1 2 1 1 2 2 1 1 2 2 2 1 2 2 1 1 1 1 2 1 1 2 2 2 1 2 1 1 2 2 2 2
205 128 138 1 
2 1 2 2 2 1 1 1 2 1 2 2 2 2 1 1 1 2 2 2 1 1 1 1 1 2 1 1 2 2 2 1 2 2 2 1 2 2 1 1 2 1 1 1 1 2 1 1 1 2 1 2 2 2 1 1 2 2 1 2
270 1 61 0 
1 1 1 2 1 2 1 1 2 1 1 1 1 2 2 1 1 1 1 1 1 2 1 1 2 1 1 2 2 1 2 1 2 2 2 1 2 2 1 1 1 2 1 2 2 2 1 1 1 2 1 2 2 2 2 1 2 2 2 2
258 158 57 1 
1 1 1 2 1 2 1 1 2 2 2 2 2 2 1 2 2 2 1 2 1 1 1 1 2 2 2 1 1 2 1 1 2 2 2 1 2 2 1 1 1 2 2 1 2 2 1 1 2 1 2 1 1 2 2 1 2 2 1 2
299 132 209 1 
2 1 2 2 2 2 2 1 2 2 2 2 2 2 1 2 2 1 2 1 1 1 1 1 2 1 1 2 2 2 1 1 2 2 2 2 2 2 2 1 2 2 1 1 2 2 1 1 2 1 1 1 1 2 1 1 2 2 2 2
139 119 2 0 
2 2 2 1 2 2 1 1 1 1 2 2 2 2 2 2 1 2 1 2 1 1 1 1 2 1 2 2 1 1 1 1 2 2 2 2 2 2 1 1 1 1 2 2 2 2 1 1 1 1 1 1 2 2 1 1 2 2 2 2
95 81 34 1 
2 2 1 2 2 2 1 1 2 1 2 2 2 1 1 2 1 2 2 2 2 1 2 1 1 1 2 2 2 2 1 1 2 2 1 2 2 2 2 2 2 1 2 2 2 2 1 1 1 2 1 1 2 2 2 2 2 2 2 1
94 3 38 0 
1 2 2 2 2 2 2 2 1 2 1 2 2 2 1 1 1 1 2 1 1 1 1 2 1 1 2 2 1 2 1 1 2 2 1 1 2 2 2 1 2 2 1 1 1 1 2 1 1 2 2 2 1 2 1 1 2 2 2 2
159 24 100 1 
2 1 2 2 1 2 2 2 1 1 2 2 1 2 2 1 2 2 2 1 1 2 1 1 1 2 2 1 2 2 1 2 2 2 2 2 2 1 2 1 1 2 1 1 2 2 1 1 1 2 1 1 2 2 2 1 2 2 2 1
87 46 33 0 
2 1 1 2 2 2 1 1 1 2 2 2 2 2 2 2 1 2 1 2 1 1 1 2 1 1 2 2 1 1 1 2 2 2 2 1 2 2 2 1 2 1 1 1 2 1 1 1 1 2 1 1 2 2 1 1 2 2 1 2
165 77 79 0 
1 1 2 2 1 2 1 1 2 2 2 2 1 2 1 1 2 1 1 1 1 1 1 1 1 2 2 1 2 1 1 1 2 2 1 2 2 2 1 1 1 2 2 1 2 2 1 1 2 2 2 2 2 2 1 1 2 2 2 2
238 193 60 1 
2 2 2 2 2 2 1 1 2 2 2 2 2 2 2 2 2 1 2 1 1 1 1 1 2 2 2 1 2 2 1 2 2 2 2 2 2 2 1 1 2 2 1 1 2 2 1 1 2 2 1 1 2 2 1 2 2 2 2 1
235 171 207 0 
2 2 1 1 2 2 1 1 1 2 2 2 1 2 2 2 2 2 2 2 1 1 1 2 1 1 2 2 1 2 1 1 2 2 2 2 2 2 1 1 1 2 2 1 2 2 1 1 2 2 2 2 2 2 2 2 2 2 2 2
177 162 139 0 
1 2 2 1 2 2 1 1 2 1 2 2 2 2 2 2 1 2 1 2 2 1 1 1 1 1 2 2 1 1 1 1 2 2 2 2 2 2 2 1 2 1 2 2 2 2 1 1 1 1 1 1 2 2 2 1 2 2 2 2
298 137 88 1 
1 1 1 1 2 2 1 1 2 2 2 2 1 2 2 1 2 2 2 1 1 2 1 2 2 1 1 2 2 2 1 1 2 2 2 2 2 2 2 1 2 2 1 1 2 2 1 1 1 2 1 1 2 2 2 1 2 2 1 2
233 212 142 1 
2 1 2 1 2 2 1 2 1 2 2 2 2 2 1 1 1 1 1 1 2 1 1 2 2 1 2 2 2 2 2 1 2 2 2 2 2 2 1 2 2 1 2 1 1 2 1 1 1 2 2 2 2 2 1 1 2 2 2 2
55 1 38 1 
2 1 2 2 1 2 1 2 2 2 1 2 1 1 2 1 2 1 1 1 1 1 1 2 2 1 1 2 2 2 1 1 2 2 1 1 2 2 1 1 2 2 1 1 2 1 1 1 2 2 1 2 1 2 2 1 2 2 2 2
25 5 4 0 
2 1 2 1 2 2 2 1 2 2 2 2 2 2 1 2 1 1 1 1 1 1 2 2 1 1 2 2 2 1 1 1 2 2 2 2 1 2 1 2 2 1 1 1 1 1 2 1 1 1 2 2 2 2 1 2 2 2 2 2
37 20 22 1 
1 1 2 2 1 2 2 2 1 1 1 1 2 2 1 1 2 1 1 2 2 1 1 1 1 2 2 1 1 2 1 1 2 2 2 1 2 2 1 1 1 1 2 1 2 1 1 1 2 2 2 2 2 2 1 1 2 2 2 2
157 28 138 0 
2 1 2 2 1 1 2 1 2 1 2 2 2 1 1 1 1 1 1 1 2 2 1 1 1 2 2 2 1 2 1 1 2 2 2 1 2 2 1 1 1 1 2 2 2 2 1 1 2 2 2 1 2 2 1 2 2 2 2 2
55 1 38 1 
2 1 2 2 1 2 1 2 2 2 1 2 1 1 2 1 2 1 1 1 1 1 1 2 2 1 1 2 2 2 1 1 2 2 1 1 2 2 1 1 2 2 1 1 2 1 1 1 2 2 1 2 1 2 2 1 2 2 2 2
227 171 84 0 
2 2 1 1 2 1 1 1 1 1 2 2 1 2 2 1 2 2 2 1 1 2 1 1 1 1 2 2 1 1 1 1 2 2 2 2 2 2 1 1 1 1 2 1 2 2 1 1 2 2 2 2 2 1 1 2 2 2 2 1
31 10 16 1 
2 1 2 1 2 1 1 1 2 2 2 2 2 2 2 2 2 2 1 2 1 1 1 1 2 2 1 1 2 2 1 1 2 2 2 2 2 2 2 1 1 2 1 1 2 2 1 1 2 1 1 1 1 2 2 1 2 2 2 2
250 28 59 0 
2 1 2 2 1 2 2 2 1 2 2 2 2 2 1 1 2 1 1 2 2 1 1 2 1 1 2 2 2 2 1 1 2 2 2 1 2 2 1 1 1 2 2 2 2 2 1 1 2 2 2 2 2 2 1 1 2 2 2 2
170 158 38 1 
1 2 1 2 1 2 1 2 2 2 2 2 2 2 1 1 2 1 2 2 1 1 1 2 2 1 2 2 2 2 1 1 2 2 1 1 2 2 1 1 1 2 2 1 2 1 1 1 2 2 2 2 2 2 1 1 2 2 2 2
68 53 40 0 
1 1 1 2 2 2 1 1 2 2 2 2 2 1 2 1 1 1 2 1 1 1 1 1 2 2 1 1 2 1 1 1 2 2 2 2 2 2 2 1 1 2 1 1 2 2 1 1 2 1 1 1 2 2 1 2 2 2 2 2
167 28 118 0 
2 1 2 1 2 2 2 1 1 2 1 2 2 2 1 2 1 2 2 2 1 1 2 1 1 2 2 1 1 2 1 1 2 2 2 2 2 2 1 1 1 2 2 1 2 1 1 1 2 2 2 2 2 2 1 1 2 2 2 1
121 23 84 0 
2 2 2 1 1 1 1 1 2 1 2 2 1 2 1 1 1 2 1 1 1 2 1 1 1 1 2 2 2 2 2 1 2 2 2 2 2 2 1 1 2 1 1 1 1 2 1 1 2 2 1 2 2 2 2 2 2 2 2 1
207 12 191 0 
2 2 1 2 2 2 1 1 2 2 2 2 1 2 2 2 2 2 2 1 1 1 2 2 1 1 2 2 2 1 1 1 2 2 2 2 2 2 1 1 2 1 1 1 2 1 1 1 2 2 2 2 2 2 1 2 2 2 1 2
282 197 71 0 
1 2 2 2 2 2 1 1 2 2 2 2 2 2 2 2 1 1 1 1 1 1 2 2 1 1 2 2 2 2 2 1 2 2 2 2 2 2 1 1 1 1 2 2 2 2 1 1 1 2 2 2 2 2 1 1 2 2 2 1
291 116 146 0 
2 1 1 1 1 2 1 1 1 2 2 2 1 2 2 2 1 2 1 1 1 1 1 1 1 1 1 2 2 2 1 1 2 2 1 2 2 1 1 1 2 2 1 1 2 2 1 1 1 1 1 1 2 2 2 2 2 2 2 1
67 41 54 0 
1 1 2 1 2 2 2 1 1 2 2 2 2 2 1 2 2 2 1 1 2 1 1 1 1 2 2 1 2 2 1 1 2 2 1 2 2 1 1 1 1 2 2 1 2 2 1 1 2 2 2 1 2 2 1 1 2 2 2 1
23 1 2 1 
2 2 2 2 2 1 1 1 2 2 2 2 2 1 2 1 1 1 1 1 1 1 1 2 2 1 1 2 2 1 2 1 2 2 2 2 2 1 1 1 1 2 1 1 2 1 1 1 1 2 1 1 2 2 2 2 2 2 2 2
212 70 122 1 
2 2 2 2 2 1 1 1 1 2 2 2 2 2 2 1 2 1 2 1 1 2 1 1 2 1 2 1 2 1 2 1 2 2 2 1 2 2 1 1 2 1 2 2 1 2 1 1 2 1 2 2 2 2 1 1 2 2 2 2
256 238 224 1 
2 2 2 1 2 1 1 1 2 2 2 2 2 2 2 1 1 2 1 2 1 1 1 1 2 2 1 1 2 2 2 1 2 2 2 1 2 2 1 1 2 2 1 2 2 2 1 1 2 2 1 2 2 2 1 1 2 2 2 2
215 124 173 0 
2 2 2 2 2 2 1 1 2 2 2 1 2 1 2 1 2 1 2 2 2 1 1 1 2 1 1 2 2 2 1 1 2 2 2 2 2 2 1 1 2 2 2 2 2 1 1 2 1 2 2 2 2 1 1 1 2 2 2 2
216 62 74 0 
2 2 2 2 1 2 1 1 2 1 2 2 2 2 2 2 2 2 2 1 1 2 1 1 2 1 2 2 2 1 1 1 2 2 2 2 1 2 1 1 2 2 1 1 1 2 1 1 2 1 1 1 2 1 1 1 2 2 1 2
268 21 245 0 
2 2 1 2 2 2 1 1 1 2 2 2 1 1 1 1 1 1 1 1 1 1 1 1 2 1 1 2 2 2 2 1 2 2 2 2 2 2 2 2 1 2 1 1 2 1 1 1 2 1 1 1 2 2 2 2 2 2 2 2
146 47 57 0 
2 1 2 1 2 2 1 1 2 2 2 2 2 2 2 2 2 2 1 2 1 1 1 1 1 2 2 1 2 2 1 1 2 2 2 2 1 2 1 1 2 1 1 1 2 2 1 1 1 2 1 1 2 2 2 2 2 2 1 2
108 28 13 1 
2 2 2 2 2 1 2 1 2 2 2 1 2 1 1 2 2 2 2 1 1 1 2 1 1 2 2 1 1 2 1 1 2 2 2 2 2 2 1 2 1 1 2 1 2 2 1 1 2 2 2 1 2 1 1 1 2 2 2 2
73 18 6 0 
1 2 2 2 1 2 2 1 2 1 2 2 1 2 1 2 1 1 1 2 1 1 1 1 1 1 2 2 2 2 1 1 2 2 1 1 2 2 1 1 1 1 2 2 2 1 1 2 2 1 2 1 2 2 2 2 2 2 1 2
43 10 7 1 
2 2 2 2 2 2 1 1 1 2 2 2 2 1 2 1 1 1 1 1 1 1 1 1 2 1 1 2 2 2 1 1 2 2 1 2 2 2 2 1 2 2 1 1 1 2 1 1 1 1 1 1 2 1 2 1 2 2 2 2
87 46 33 0 
2 1 1 2 2 2 1 1 1 2 2 2 2 2 2 2 1 2 1 2 1 1 1 2 1 1 2 2 1 1 1 2 2 2 2 1 2 2 2 1 2 1 1 1 2 1 1 1 1 2 1 1 2 2 1 1 2 2 1 2
251 105 241 0 
2 1 2 2 2 2 1 1 2 2 2 2 2 2 2 2 2 1 2 1 1 1 1 1 2 2 2 2 2 2 1 1 2 2 2 2 2 2 2 1 2 1 1 1 1 2 1 1 2 2 2 1 2 2 2 1 2 2 2 2
204 19 111 0 
2 1 1 2 2 2 2 1 1 2 2 2 2 2 1 1 2 1 1 1 2 2 2 1 1 1 2 1 2 2 1 1 2 2 2 2 2 2 1 1 2 1 1 2 1 2 1 1 2 2 2 2 2 2 1 1 2 2 2 2
152 51 26 0 
2 2 2 2 2 1 1 1 1 1 2 2 2 2 2 2 2 2 2 1 1 1 1 2 1 2 2 2 2 2 1 1 2 2 2 2 2 1 1 1 1 2 1 1 1 2 1 1 1 2 1 2 1 1 1 2 2 2 2 1
302 190 173 0 
1 2 2 2 2 2 1 2 2 1 2 1 2 2 1 1 2 1 2 2 1 1 2 1 1 1 2 2 1 2 1 1 2 2 2 2 1 2 1 1 2 1 1 1 1 2 2 1 1 2 1 1 2 1 2 1 2 2 2 2
51 8 34 1 
1 2 1 2 2 1 1 1 1 2 2 2 2 1 2 2 2 2 2 2 1 1 1 1 1 1 1 2 2 2 1 1 2 2 1 2 2 2 1 2 1 1 1 1 1 2 2 1 2 1 1 1 2 1 1 1 2 2 1 2
13 1 2 0 
2 1 2 2 2 1 1 1 2 2 1 2 1 1 2 1 2 1 2 1 1 1 1 1 2 1 1 2 2 2 1 1 2 2 2 2 2 2 2 1 1 1 1 2 2 2 1 1 2 1 1 1 1 2 1 2 2 2 2 2
133 117 6 1 
1 2 1 2 2 1 1 2 2 2 2 2 2 2 2 2 2 1 2 2 1 1 1 1 1 2 2 1 2 2 1 1 2 2 2 1 2 2 1 1 1 1 1 2 1 1 2 2 1 1 2 1 2 2 1 2 2 2 2 2
7 1 2 0 
2 2 2 2 2 1 1 1 2 2 2 2 1 1 2 1 2 1 2 1 1 1 1 1 2 1 1 2 2 2 2 1 2 2 2 2 2 2 2 1 1 2 1 2 2 1 1 1 1 1 1 1 1 2 1 1 2 2 2 1
204 19 111 0 
2 1 1 2 2 2 2 1 1 2 2 2 2 2 1 1 2 1 1 1 2 2 2 1 1 1 2 1 2 2 1 1 2 2 2 2 2 2 1 1 2 1 1 2 1 2 1 1 2 2 2 2 2 2 1 1 2 2 2 2
255 41 79 0 
1 1 2 2 1 2 1 1 1 2 2 1 2 1 1 1 2 1 1 1 2 1 1 1 1 2 2 1 2 1 1 1 2 2 1 2 2 2 1 1 1 2 2 1 2 2 1 1 2 2 2 1 2 2 1 1 2 2 2 2
39 17 6 0 
2 2 2 1 2 2 2 1 1 1 1 2 2 2 2 1 2 1 2 1 1 1 1 1 1 2 2 1 2 2 1 1 2 2 1 1 2 2 2 1 2 2 2 2 1 1 1 2 1 1 1 1 2 2 1 2 2 2 1 2
136 93 78 0 
2 1 2 2 1 1 1 1 1 2 2 2 1 1 2 1 2 2 2 2 1 1 1 1 1 1 2 2 2 2 1 1 2 2 1 2 2 2 2 1 1 1 1 2 2 2 1 1 2 2 1 2 1 2 1 2 2 2 2 1
109 24 42 0 
2 2 2 1 1 1 2 1 2 2 2 2 1 2 1 1 1 2 2 2 1 1 1 1 1 2 2 2 2 2 1 1 2 2 2 1 2 2 2 2 1 2 1 2 2 2 1 1 2 2 2 2 2 2 1 2 2 2 2 1
36 11 9 0 
2 1 1 1 2 2 1 1 2 2 2 2 1 2 2 2 2 2 2 1 1 1 1 1 2 1 1 2 2 2 1 1 2 2 2 2 1 2 1 2 2 2 1 1 2 2 1 1 1 1 1 1 2 2 2 1 2 2 1 2
163 51 84 0 
1 2 1 1 2 1 1 1 2 2 2 2 1 2 2 2 2 1 2 1 1 2 1 1 1 1 1 1 2 2 1 1 2 2 1 2 2 2 2 1 1 2 1 1 2 2 2 1 2 2 1 1 2 2 1 2 2 2 2 2
223 158 184 1 
1 2 1 2 1 2 1 1 2 2 2 2 2 1 1 2 2 1 1 1 1 1 1 1 1 1 2 2 1 2 1 1 2 2 1 2 2 1 1 2 1 2 1 1 2 2 1 1 2 1 2 1 1 2 2 1 2 2 1 2
82 30 34 0 
2 2 2 2 2 2 1 1 2 2 2 2 2 1 2 2 2 2 2 2 1 1 1 1 2 1 1 2 2 2 1 1 2 2 2 2 1 2 1 2 2 1 1 1 1 2 1 1 1 2 2 1 2 2 1 2 2 2 2 2
218 137 157 0 
2 1 1 2 1 1 1 1 2 1 2 2 1 1 1 1 1 1 1 1 1 2 1 1 1 1 2 2 2 1 1 1 2 2 2 2 2 2 1 1 2 1 1 2 2 2 1 1 1 2 1 2 2 2 2 1 2 2 1 2
299 132 209 1 
2 1 2 2 2 2 2 1 2 2 2 2 2 2 1 2 2 1 2 1 1 1 1 1 2 1 1 2 2 2 1 1 2 2 2 2 2 2 2 1 2 2 1 1 2 2 1 1 2 1 1 1 1 2 1 1 2 2 2 2
280 11 135 1 
2 2 1 2 1 1 1 1 2 2 2 2 1 2 1 1 1 2 1 1 1 1 1 1 1 1 2 2 2 1 1 1 2 2 2 2 2 2 2 1 1 2 1 1 2 2 1 1 1 2 2 1 2 1 1 1 2 2 1 1
15 3 2 0 
2 2 2 2 2 2 2 1 1 1 1 2 2 2 1 1 2 1 2 1 1 1 1 1 1 1 2 2 1 2 1 1 2 2 1 2 2 2 2 1 2 1 2 2 2 2 1 1 2 1 2 1 2 2 1 2 2 2 2 2
137 11 36 1 
2 1 1 1 1 2 1 1 2 2 2 2 1 1 1 2 1 2 1 2 1 1 1 1 1 2 2 1 2 2 1 1 2 2 2 2 1 2 2 1 2 2 1 1 2 2 1 1 1 1 1 1 2 2 2 2 2 2 1 1
24 20 13 1 
2 1 2 2 1 2 2 1 1 2 2 2 2 1 2 1 2 1 2 1 1 1 1 1 1 1 2 2 2 2 1 1 2 2 2 2 2 2 1 2 1 1 2 1 2 2 1 1 2 1 2 1 2 2 1 2 2 2 2 2
98 24 38 1 
1 2 2 2 2 2 1 2 2 2 2 2 2 1 2 1 2 1 2 2 1 1 1 1 1 2 2 2 2 1 1 1 2 2 2 1 2 2 2 1 1 2 1 1 2 1 1 1 2 2 2 2 2 2 2 1 2 2 2 2
66 3 27 1 
1 1 2 1 1 1 2 2 2 2 2 2 2 2 1 2 1 2 2 2 1 2 1 1 2 1 1 2 2 2 1 1 2 2 1 2 2 2 1 1 2 1 2 1 2 1 1 1 2 2 2 2 2 2 1 1 2 2 2 2
62 30 27 1 
1 2 1 2 1 1 1 1 2 2 2 2 1 2 1 2 2 2 2 2 1 1 1 1 2 1 2 2 2 2 1 1 2 2 2 2 1 2 1 1 2 2 1 1 1 1 1 1 2 2 1 1 2 2 1 1 2 2 1 2
1 0 0 1 
1 2 1 2 1 2 1 1 2 2 1 2 1 2 2 2 2 1 2 1 1 1 1 1 2 2 1 1 2 2 1 2 2 2 1 2 2 2 1 2 2 1 1 1 2 2 1 1 2 1 1 1 1 2 1 2 2 2 2 2
275 62 147 0 
2 1 1 2 1 2 1 1 2 2 2 1 2 1 2 1 2 2 2 2 1 1 1 1 1 1 2 2 2 2 1 2 2 2 2 2 2 2 1 2 2 1 1 1 1 2 1 1 2 2 1 1 2 1 1 2 2 2 2 2
126 116 60 1 
2 2 1 2 2 2 1 1 1 2 2 2 1 2 2 2 2 1 2 1 1 1 2 1 1 2 1 1 2 1 1 1 2 2 1 2 2 2 1 1 1 2 1 1 1 1 1 1 1 2 1 2 2 2 2 2 2 2 2 1
219 81 164 0 
1 2 1 2 2 2 1 1 2 2 1 2 2 2 1 2 2 2 2 1 1 1 1 1 1 1 2 2 2 2 1 1 2 2 1 2 2 2 2 1 2 2 2 1 2 2 1 1 1 2 1 1 2 2 2 2 2 2 2 2
142 103 88 0 
1 2 1 1 2 2 2 1 2 1 2 2 1 2 1 1 1 2 1 1 1 2 2 2 1 1 2 2 1 2 1 1 2 2 2 2 2 2 2 1 1 2 1 1 2 2 1 1 2 2 2 1 2 2 1 1 2 2 2 2
124 97 96 1 
2 2 2 2 2 2 2 1 2 2 2 2 2 2 2 2 2 2 1 2 1 2 1 1 2 1 1 1 2 2 1 1 2 2 1 2 2 2 1 1 2 2 2 1 2 1 1 2 2 1 2 1 2 2 1 1 2 2 2 1
246 125 40 0 
2 2 2 2 2 2 2 1 2 2 2 1 2 1 2 2 2 2 2 2 1 1 1 1 1 2 2 1 2 2 1 1 2 2 2 2 2 2 2 2 1 1 1 1 2 2 1 1 2 2 1 1 2 1 1 1 2 2 2 2
109 24 42 0 
2 2 2 1 1 1 2 1 2 2 2 2 1 2 1 1 1 2 2 2 1 1 1 1 1 2 2 2 2 2 1 1 2 2 2 1 2 2 2 2 1 2 1 2 2 2 1 1 2 2 2 2 2 2 1 2 2 2 2 1
81 52 15 1 
1 2 1 2 2 2 1 2 2 1 2 1 2 2 1 1 1 2 2 2 2 1 2 1 1 1 2 2 2 2 1 1 2 2 2 1 1 2 1 2 1 2 2 2 1 2 1 1 2 1 2 1 1 2 1 2 2 2 2 2
283 194 246 0 
1 2 1 2 2 2 1 2 2 2 2 2 2 2 2 2 1 2 1 2 1 1 1 1 2 1 1 2 1 2 1 1 2 2 2 2 2 2 1 2 1 1 2 1 2 2 1 1 1 2 1 1 2 2 1 1 2 2 2 2
293 127 281 1 
1 1 1 1 1 1 1 1 2 2 2 2 1 2 2 2 2 2 1 1 1 1 1 2 2 1 1 2 2 2 1 1 2 2 2 2 2 2 2 1 2 2 1 1 2 2 1 1 2 2 1 1 2 1 1 2 2 2 1 2
267 58 234 1 
2 2 1 2 1 2 1 2 2 2 2 2 2 2 2 2 2 2 2 2 1 1 1 1 2 1 1 2 2 2 1 1 2 2 2 2 2 2 1 2 1 1 1 1 1 2 1 1 2 2 1 1 2 1 1 1 2 2 2 2
277 192 166 1 
1 2 2 2 2 2 2 1 2 1 2 2 2 1 1 2 1 1 1 1 2 1 2 1 1 2 1 1 2 2 1 1 2 2 2 2 2 2 1 1 1 1 2 1 2 2 1 1 1 1 2 1 1 2 1 2 2 2 1 2
287 44 150 0 
2 1 1 2 1 2 1 1 2 1 2 2 2 2 1 2 2 1 1 2 2 1 1 1 1 1 2 2 1 2 1 1 2 2 1 2 2 1 1 1 2 2 2 1 2 1 1 1 1 2 1 2 2 2 2 2 2 2 2 2
62 30 27 1 
1 2 1 2 1 1 1 1 2 2 2 2 1 2 1 2 2 2 2 2 1 1 1 1 2 1 2 2 2 2 1 1 2 2 2 2 1 2 1 1 2 2 1 1 1 1 1 1 2 2 1 1 2 2 1 1 2 2 1 2
8 3 2 1 
1 1 2 1 1 2 2 1 2 1 2 2 2 2 1 2 2 2 1 2 2 1 1 1 1 1 1 2 2 1 1 1 2 2 1 2 2 1 1 1 1 2 1 1 1 1 2 1 1 2 2 1 2 2 1 1 2 2 2 1
127 30 113 1 
2 1 2 1 2 1 1 1 2 1 2 2 1 2 1 2 2 2 2 1 1 1 1 1 2 1 1 1 2 2 1 2 2 2 2 1 2 2 2 2 2 2 1 2 2 1 1 1 2 1 1 1 2 2 1 1 2 2 1 2
249 81 216 0 
1 2 1 2 2 2 1 1 2 1 1 2 2 2 1 2 2 2 2 1 1 2 1 1 1 1 2 2 2 1 1 1 2 2 2 2 1 2 1 1 1 2 2 1 1 1 1 1 2 2 2 1 1 2 1 1 2 2 2 1
128 23 118 1 
2 1 2 1 2 2 1 1 2 2 2 2 1 2 1 1 1 1 1 2 1 1 2 1 1 2 1 2 2 2 2 1 2 2 2 2 2 2 1 1 2 1 1 1 1 1 1 1 1 2 1 2 2 2 2 1 2 2 2 1
248 10 56 1 
1 2 1 2 2 2 1 2 1 1 2 2 2 1 2 1 2 1 1 1 1 2 1 1 1 2 2 1 1 1 1 1 2 2 1 1 2 2 2 2 1 1 1 1 1 2 1 1 1 2 1 2 2 2 2 2 2 2 2 2
171 44 139 1 
2 2 1 2 2 2 1 1 1 1 2 2 1 2 2 2 2 2 2 2 1 1 1 1 1 1 2 2 1 1 1 1 2 2 2 2 2 2 1 1 1 1 1 2 2 2 1 1 2 1 2 1 2 2 2 1 2 2 2 2
286 43 82 0 
2 2 2 2 2 2 1 1 2 2 2 2 2 1 2 2 1 2 1 2 1 1 1 1 2 2 1 2 2 2 1 1 2 2 2 2 2 1 1 2 2 1 1 1 2 2 1 1 1 2 1 2 2 2 2 1 2 2 2 2
17 3 2 1 
2 2 2 2 2 1 2 1 1 1 1 2 2 2 1 2 1 2 2 2 1 1 1 1 2 1 1 2 2 2 1 1 2 2 1 2 2 1 2 1 2 2 2 1 2 1 2 1 1 1 2 1 1 2 1 2 2 2 2 1
237 158 86 1 
1 2 1 2 2 2 1 1 2 1 2 2 2 2 1 1 2 2 1 1 1 1 1 1 2 2 2 2 1 1 1 1 2 2 1 2 2 2 1 1 1 1 2 2 2 2 1 1 2 1 2 1 2 2 2 1 2 2 2 2
79 35 60 0 
1 1 2 2 2 2 1 1 2 2 1 2 1 2 1 2 1 1 1 1 1 1 1 1 2 2 1 1 2 1 1 1 2 2 2 2 2 2 1 1 2 2 1 1 2 2 1 1 2 2 1 2 2 2 1 1 2 2 2 2
159 24 100 1 
2 1 2 2 1 2 2 2 1 1 2 2 1 2 2 1 2 2 2 1 1 2 1 1 1 2 2 1 2 2 1 2 2 2 2 2 2 1 2 1 1 2 1 1 2 2 1 1 1 2 1 1 2 2 2 1 2 2 2 1
266 95 59 1 
2 2 1 2 2 2 1 2 1 2 2 2 1 2 2 1 2 1 2 2 2 1 2 2 1 1 2 2 2 2 1 1 2 2 2 1 2 2 2 1 2 2 2 2 2 2 1 1 2 2 1 2 2 2 2 1 2 2 2 2
125 101 104 1 
2 1 2 1 2 2 2 1 2 2 2 2 2 2 2 2 2 2 2 1 1 1 1 1 1 2 2 1 2 2 1 1 2 2 2 2 2 2 2 1 1 2 1 1 2 1 1 1 2 2 1 1 2 2 1 2 2 2 2 2
297 12 22 1 
2 1 1 2 2 2 1 1 2 2 2 2 1 1 1 1 2 1 2 1 1 1 1 1 2 2 2 1 2 2 1 1 2 2 2 1 1 2 1 1 2 1 1 1 1 1 1 1 1 2 1 2 2 2 1 1 2 2 1 2
84 44 33 0 
2 1 1 2 1 2 1 1 1 2 2 2 2 2 1 2 2 1 1 1 2 2 1 1 1 1 2 1 1 2 1 1 2 2 2 1 2 2 1 1 2 1 1 1 2 2 1 1 2 2 2 1 1 2 1 2 2 2 2 1
179 97 32 1 
2 2 2 1 1 2 2 1 2 2 2 2 2 2 2 1 2 1 1 2 1 2 1 1 2 1 1 2 2 2 1 1 2 2 2 2 2 2 1 1 2 1 2 1 2 1 2 1 1 1 2 2 1 2 1 1 2 2 2 2
10 1 2 1 
2 1 2 1 2 2 1 1 2 1 2 2 2 2 2 2 1 2 1 1 1 1 1 1 2 1 1 2 2 1 1 1 2 2 1 2 2 1 2 1 1 2 1 1 2 1 1 1 2 1 1 1 1 2 1 2 2 2 2 2
213 70 87 1 
1 2 1 1 2 2 1 1 2 2 2 2 2 2 1 2 2 1 1 2 2 1 1 2 2 1 2 2 2 1 1 2 2 2 2 2 1 2 1 2 2 1 2 1 1 1 1 1 1 2 1 1 1 2 1 1 2 2 2 2
167 28 118 0 
2 1 2 1 2 2 2 1 1 2 1 2 2 2 1 2 1 2 2 2 1 1 2 1 1 2 2 1 1 2 1 1 2 2 2 2 2 2 1 1 1 2 2 1 2 1 1 1 2 2 2 2 2 2 1 1 2 2 2 1
54 30 9 0 
1 2 1 2 1 2 1 1 2 2 2 2 2 2 1 2 2 2 2 1 1 1 1 1 2 2 1 1 2 2 1 2 2 2 2 2 2 1 2 1 2 2 1 1 2 1 1 1 2 2 2 1 2 2 1 1 2 2 1 1
115 101 57 1 
1 1 2 2 2 1 1 1 2 2 2 2 2 2 2 2 2 1 2 1 1 1 1 2 2 2 2 1 2 2 1 1 2 2 2 2 2 2 2 1 1 1 1 1 2 1 1 1 2 2 1 1 2 2 2 2 2 2 2 1
285 133 215 0 
1 2 2 2 1 2 2 1 2 2 2 1 2 2 2 2 1 2 2 2 1 2 1 1 2 2 1 2 2 2 1 1 2 2 2 2 2 2 1 1 1 2 2 2 1 1 2 2 1 2 2 2 2 1 2 1 2 2 2 2
176 49 67 1 
1 1 2 2 1 2 2 1 1 1 2 2 2 2 1 1 2 2 1 1 2 2 1 1 1 1 2 2 1 2 1 1 2 2 2 1 2 2 1 1 1 1 1 2 1 2 1 1 2 2 2 1 2 2 1 1 2 2 2 2
211 127 9 1 
2 1 2 2 2 2 1 1 1 2 2 2 1 2 1 2 2 1 2 1 1 1 1 1 2 2 1 1 2 2 2 2 2 2 2 2 2 1 2 2 2 2 2 1 2 1 1 1 2 2 1 2 2 2 1 1 2 2 2 2
121 23 84 0 
2 2 2 1 1 1 1 1 2 1 2 2 1 2 1 1 1 2 1 1 1 2 1 1 1 1 2 2 2 2 2 1 2 2 2 2 2 2 1 1 2 1 1 1 1 2 1 1 2 2 1 2 2 2 2 2 2 2 2 1
216 62 74 0 
2 2 2 2 1 2 1 1 2 1 2 2 2 2 2 2 2 2 2 1 1 2 1 1 2 1 2 2 2 1 1 1 2 2 2 2 1 2 1 1 2 2 1 1 1 2 1 1 2 1 1 1 2 1 1 1 2 2 1 2
95 81 34 1 
2 2 1 2 2 2 1 1 2 1 2 2 2 1 1 2 1 2 2 2 2 1 2 1 1 1 2 2 2 2 1 1 2 2 1 2 2 2 2 2 2 1 2 2 2 2 1 1 1 2 1 1 2 2 2 2 2 2 2 1
200 43 166 0 
2 2 2 2 2 2 1 1 2 1 2 2 1 1 1 2 1 1 1 1 1 1 1 1 1 2 2 1 2 2 1 1 2 2 1 2 2 1 2 1 2 1 1 1 1 1 1 1 1 2 1 2 1 2 1 2 2 2 2 2
185 114 6 0 
1 2 2 2 2 1 2 2 1 2 1 2 2 2 1 1 1 1 2 1 1 1 2 1 1 2 2 1 1 2 1 1 2 2 2 1 2 1 1 1 1 2 2 2 2 1 1 1 2 1 2 1 2 1 1 2 2 2 2 2
272 212 232 0 
2 1 2 2 2 2 1 1 1 2 2 2 2 2 2 2 2 1 1 1 2 2 1 1 2 1 2 2 1 1 1 1 2 2 1 1 2 2 1 1 1 2 2 1 2 2 1 1 1 1 2 1 2 2 1 2 2 2 2 2
289 189 39 0 
1 2 2 1 1 2 1 2 2 1 2 2 1 2 1 1 1 1 1 1 1 1 1 1 1 2 2 1 2 2 1 1 2 2 1 1 2 2 1 2 2 2 1 2 1 1 1 2 2 1 2 1 2 2 1 1 2 2 2 1
100 23 67 0 
2 1 2 2 2 2 1 2 2 1 2 2 2 2 2 1 1 2 1 1 1 2 1 1 2 1 1 2 2 2 2 1 2 2 2 1 1 1 1 1 2 2 1 1 1 2 1 1 2 2 1 1 2 2 2 1 2 2 2 1
233 212 142 1 
2 1 2 1 2 2 1 2 1 2 2 2 2 2 1 1 1 1 1 1 2 1 1 2 2 1 2 2 2 2 2 1 2 2 2 2 2 2 1 2 2 1 2 1 1 2 1 1 1 2 2 2 2 2 1 1 2 2 2 2
249 81 216 0 
1 2 1 2 2 2 1 1 2 1 1 2 2 2 1 2 2 2 2 1 1 2 1 1 1 1 2 2 2 1 1 1 2 2 2 2 1 2 1 1 1 2 2 1 1 1 1 1 2 2 2 1 1 2 1 1 2 2 2 1
86 44 71 0 
2 2 1 2 1 2 1 1 1 2 2 2 2 2 1 2 2 1 1 1 2 1 1 1 1 2 2 2 1 2 1 1 2 2 2 2 2 2 1 1 2 1 1 2 2 2 1 1 1 1 1 1 2 2 2 1 2 2 2 2
61 3 25 0 
2 1 2 1 2 2 2 1 1 2 1 2 2 2 1 1 1 1 1 1 2 1 1 2 1 1 2 2 1 2 1 1 2 2 1 2 2 1 1 1 2 1 2 1 2 1 1 1 2 1 2 2 2 2 1 1 2 2 2 2
