1
30
L0 L1 L2 L3 L4 L5 L6 L7 L8 L9 L10 L11 L12 L13 L14 L15 L16 L17 L18 L19 L20 L21 L22 L23 L24 L25 L26 L27 L28 L29

1
606
136 111 11 0 
2 2 1 2 1 2 2 2 1 2 1 1 1 2 1 2 1 2 2 2 2 2 1 2 1 2 2 2 2 2 2 2 1 1 1 1 1 1 2 1 2 2 2 1 1 1 1 1 1 2 1 1 2 2 2 1 1 1 2 1
43 1 17 0 
2 2 1 2 1 1 2 2 1 2 1 2 2 1 1 1 1 1 1 1 2 2 2 2 1 2 1 1 1 1 1 1 2 2 2 2 1 2 2 2 2 2 1 1 1 1 1 1 2 2 1 2 2 2 1 1 1 1 2 2
187 119 25 0 
2 2 1 1 2 2 1 1 1 1 1 2 1 2 1 1 1 2 2 2 2 1 2 1 2 1 1 2 2 2 2 1 2 1 2 2 2 1 2 2 2 2 1 1 1 1 1 1 2 2 1 2 2 2 1 1 1 1 2 2
170 18 126 1 
1 2 2 1 1 2 1 2 1 1 2 2 2 1 1 1 1 2 2 2 1 2 1 2 1 1 2 2 2 1 2 1 1 2 1 2 1 1 2 1 1 2 1 2 2 1 2 1 1 2 1 1 2 2 1 2 1 1 2 1
171 129 81 0 
2 2 1 1 2 2 1 2 1 1 1 2 1 2 1 1 1 2 2 2 2 1 2 2 2 2 1 1 1 1 2 2 1 1 1 2 1 2 2 2 1 1 2 2 1 1 1 1 1 2 1 1 2 2 2 2 2 1 1 2
285 151 25 0 
1 1 2 2 2 1 1 1 1 1 2 2 1 2 1 2 1 1 2 1 1 1 1 1 1 1 1 1 1 1 1 1 1 1 1 2 1 1 2 2 1 2 1 1 1 1 1 1 2 2 1 1 2 2 1 2 1 2 2 2
261 117 20 1 
2 2 2 1 1 1 1 2 1 1 2 1 2 2 2 1 2 2 2 1 1 2 2 1 1 1 1 2 1 1 2 1 1 2 1 1 1 1 2 2 1 1 1 2 1 1 1 1 2 2 2 1 2 2 1 2 2 2 2 2
251 33 62 0 
1 2 2 2 2 1 2 1 2 1 1 2 2 2 2 1 2 2 2 2 2 1 2 1 2 1 2 2 2 2 2 2 2 1 2 1 2 1 1 2 2 1 2 2 1 1 1 1 2 2 1 2 2 2 1 2 1 2 1 2
129 65 64 1 
2 2 2 1 1 2 2 1 2 1 1 1 1 1 1 1 1 1 1 2 2 2 2 2 2 2 1 1 1 1 2 1 1 1 1 1 1 1 2 2 1 1 2 2 1 1 1 1 2 1 1 2 2 2 2 1 2 1 1 2
86 3 66 0 
2 2 1 1 2 2 2 1 2 1 1 2 2 2 2 2 2 2 2 2 1 1 1 1 1 1 2 1 2 2 2 2 1 1 1 1 2 2 1 2 2 2 2 1 1 1 1 1 1 2 1 1 1 2 1 2 2 2 2 2
216 85 81 1 
1 2 1 1 1 2 2 1 1 1 2 2 2 2 2 1 1 2 2 2 2 2 2 1 1 2 1 1 1 1 1 2 1 1 2 2 1 2 1 1 1 2 1 1 2 1 2 1 2 2 1 2 1 2 1 1 2 1 2 2
160 85 94 1 
2 2 1 2 1 2 1 2 1 1 1 1 2 1 2 1 2 1 2 1 2 2 2 2 1 1 1 1 2 1 1 1 1 2 2 2 1 1 2 2 2 2 1 1 2 1 1 1 2 2 1 2 1 2 1 2 1 1 1 2
44 39 32 0 
1 2 1 1 1 1 2 1 1 1 1 2 1 2 1 2 2 2 2 2 2 1 2 1 1 1 1 1 1 1 1 1 1 1 2 1 1 1 2 2 2 2 2 1 1 1 1 1 2 1 1 1 2 1 2 1 2 2 2 2
60 30 19 1 
2 2 1 2 2 2 1 1 1 1 1 2 2 2 2 2 2 2 2 2 2 2 2 2 2 1 1 2 1 2 2 2 1 1 1 1 1 1 2 1 1 2 1 1 1 1 1 1 2 2 1 1 2 2 2 2 2 2 2 2
180 70 55 1 
2 2 1 1 2 1 1 1 1 1 1 1 2 2 2 1 2 1 2 2 1 2 1 2 1 1 1 1 2 2 2 1 1 2 1 1 1 2 2 2 1 2 1 1 1 1 1 1 2 2 1 1 1 2 1 2 2 1 1 2
78 3 43 0 
1 2 2 1 1 1 2 2 2 1 1 1 2 2 2 1 1 1 2 1 1 2 1 2 1 2 2 1 2 1 2 1 1 2 1 2 2 1 2 2 2 2 2 1 1 1 1 1 1 2 1 1 1 2 2 1 2 1 1 2
193 3 4 1 
2 2 1 2 1 2 2 1 2 1 1 1 2 2 2 2 2 2 2 1 1 2 1 1 1 2 2 2 2 1 2 1 1 2 1 1 2 2 2 2 2 1 2 2 1 1 1 1 1 2 1 1 1 2 2 1 2 1 1 1
153 47 46 1 
2 1 1 1 2 2 1 1 1 1 1 1 1 2 1 2 1 2 1 2 2 1 1 1 1 1 2 2 2 2 2 1 1 2 2 2 1 1 2 2 1 1 2 2 1 1 1 1 2 2 2 1 2 2 2 1 1 1 2 2
141 34 42 0 
2 2 1 1 2 2 1 2 2 2 1 1 2 2 1 2 1 2 2 2 1 2 1 1 1 2 2 1 2 2 2 2 1 1 1 1 1 1 1 2 2 1 2 2 1 1 1 1 1 2 1 1 1 2 1 1 2 1 2 2
232 85 109 0 
2 2 1 1 1 1 1 2 1 2 2 1 2 1 2 1 2 1 2 2 2 2 2 2 1 2 1 1 1 1 1 2 1 1 1 1 1 1 2 2 2 1 2 2 1 1 2 1 1 2 1 1 1 2 2 2 1 2 1 2
225 223 144 1 
2 2 1 1 1 2 2 1 1 1 1 1 2 2 1 1 1 1 2 1 2 2 2 2 1 1 2 2 2 1 1 1 1 2 2 2 1 1 2 2 1 2 2 1 1 1 1 1 1 2 1 1 2 2 2 2 2 2 1 2
39 10 2 1 
1 2 2 1 1 2 2 1 1 1 1 2 1 2 1 2 1 2 1 2 2 1 2 1 1 1 1 2 1 2 1 2 1 1 2 1 1 1 2 2 1 2 2 1 1 1 1 1 2 2 2 1 2 2 2 1 2 2 2 2
285 151 25 0 
1 1 2 2 2 1 1 1 1 1 2 2 1 2 1 2 1 1 2 1 1 1 1 1 1 1 1 1 1 1 1 1 1 1 1 2 1 1 2 2 1 2 1 1 1 1 1 1 2 2 1 1 2 2 1 2 1 2 2 2
129 65 64 1 
2 2 2 1 1 2 2 1 2 1 1 1 1 1 1 1 1 1 1 2 2 2 2 2 2 2 1 1 1 1 2 1 1 1 1 1 1 1 2 2 1 1 2 2 1 1 1 1 2 1 1 2 2 2 2 1 2 1 1 2
72 18 25 1 
2 1 1 1 2 1 2 1 2 1 1 2 2 2 1 2 1 1 2 1 1 1 1 1 1 1 2 2 2 2 2 1 1 1 1 2 1 1 2 2 1 2 2 1 1 1 1 1 1 2 1 1 1 2 2 1 2 1 1 2
67 40 37 1 
1 1 2 2 1 1 2 2 2 2 1 2 2 2 1 1 2 2 2 2 1 2 1 2 1 1 2 2 2 2 2 1 1 1 1 1 2 1 1 2 1 1 1 1 2 1 1 1 2 2 1 2 2 2 2 1 2 1 2 2
31 10 21 0 
1 1 2 2 1 2 1 2 1 2 1 1 1 2 1 1 1 1 1 2 2 1 2 1 1 1 1 2 1 2 1 2 1 1 2 1 1 2 2 1 2 1 1 2 1 1 1 1 2 1 1 1 2 2 2 2 2 2 2 2
194 26 19 0 
2 2 1 2 2 2 2 2 1 1 1 1 2 2 1 2 2 1 2 1 2 2 2 2 1 1 2 1 1 2 1 2 1 1 1 1 1 1 2 2 1 2 1 2 2 1 2 1 1 2 1 2 1 2 1 1 2 1 2 1
254 200 128 1 
2 2 2 1 2 1 2 2 2 2 2 2 1 2 1 1 2 1 2 1 2 2 2 2 2 2 1 1 1 1 1 1 1 2 1 2 1 2 2 2 1 2 1 1 1 1 1 1 2 2 1 2 2 2 1 1 2 1 2 2
80 59 56 1 
2 1 1 2 1 2 2 2 1 2 1 1 2 2 1 2 2 2 2 2 1 1 1 1 1 1 2 1 1 1 1 1 1 1 2 1 1 1 2 2 1 1 2 2 1 1 1 1 2 2 1 1 2 2 2 1 2 1 2 2
30 8 4 1 
2 2 1 1 2 1 1 2 1 2 1 1 2 2 1 2 1 2 1 2 2 2 2 2 1 2 1 1 1 1 1 2 2 1 1 1 1 1 2 2 1 1 2 1 1 1 1 1 2 2 1 1 2 2 1 2 2 2 1 2
59 27 25 1 
2 2 1 1 1 2 2 1 1 1 1 2 2 2 1 1 2 2 2 2 2 1 2 1 1 1 2 1 2 1 2 1 1 1 2 2 2 1 2 2 1 1 1 2 2 1 1 1 2 2 1 1 2 2 2 2 2 1 2 2
93 5 37 1 
2 1 1 2 1 1 2 1 1 1 1 2 1 2 1 1 1 2 2 2 2 2 1 1 2 1 2 2 1 2 1 2 1 1 2 1 1 1 2 2 1 1 1 1 1 1 1 1 2 2 1 2 2 2 2 1 2 1 2 2
144 60 43 0 
2 2 2 1 2 1 1 2 1 1 1 1 2 2 2 1 2 1 2 1 2 2 2 2 1 1 2 1 2 1 2 1 1 2 1 2 1 2 2 2 2 2 1 1 1 1 1 1 2 2 1 1 2 2 2 1 2 1 2 2
1 0 0 1 
2 2 1 2 1 2 2 2 1 2 1 2 2 1 1 1 1 1 1 1 2 2 2 1 1 2 1 2 1 1 1 1 2 1 2 2 2 1 1 2 1 2 1 1 1 1 1 1 2 2 1 1 2 2 1 2 1 2 2 1
183 57 91 0 
2 1 1 2 2 1 2 1 1 1 1 2 2 2 2 2 2 2 2 1 1 2 1 2 1 1 2 1 2 2 1 2 1 1 1 1 1 1 2 2 1 2 1 1 2 1 2 1 1 2 1 1 1 2 2 1 1 1 2 2
58 36 32 1 
2 2 2 1 2 2 1 1 1 1 1 1 1 2 1 1 1 2 1 2 1 1 1 1 1 1 2 1 2 1 2 1 1 1 1 1 1 1 2 2 1 2 2 2 1 1 1 1 2 1 2 1 2 1 1 1 1 2 2 1
212 60 122 0 
2 2 2 1 2 1 1 2 1 1 2 2 2 2 2 2 2 2 2 2 2 1 2 1 1 1 2 2 2 2 2 2 1 1 1 1 1 1 2 2 1 1 1 2 1 1 1 1 2 2 1 2 2 2 2 1 2 1 2 2
160 85 94 1 
2 2 1 2 1 2 1 2 1 1 1 1 2 1 2 1 2 1 2 1 2 2 2 2 1 1 1 1 2 1 1 1 1 2 2 2 1 1 2 2 2 2 1 1 2 1 1 1 2 2 1 2 1 2 1 2 1 1 1 2
266 228 232 1 
2 2 1 1 1 1 1 1 1 1 1 1 2 1 2 1 1 2 1 2 2 2 2 2 2 2 2 1 1 1 1 1 2 1 2 1 2 1 1 2 1 1 1 2 1 1 1 2 2 1 1 1 2 1 1 2 2 2 1 2
242 26 11 0 
2 2 1 2 2 2 2 1 1 1 1 1 2 2 2 2 2 2 2 2 2 2 2 2 1 1 2 2 2 1 1 1 1 2 1 2 1 2 2 1 1 1 2 2 1 1 1 1 2 2 1 2 2 2 2 1 2 1 1 2
26 5 7 1 
2 2 1 1 2 2 2 2 1 1 1 1 2 2 2 1 2 2 2 2 2 2 2 2 2 1 2 2 1 2 1 2 1 1 1 1 1 1 2 1 1 1 2 1 1 2 1 2 2 1 1 1 2 1 2 1 2 2 1 2
274 47 14 1 
2 1 1 2 2 2 1 1 1 1 1 1 1 2 1 1 1 2 1 2 1 1 1 1 1 1 2 2 2 2 1 2 1 1 1 1 1 2 2 1 1 1 2 1 1 2 1 2 2 1 2 1 2 1 2 2 1 2 2 2
99 27 21 0 
2 1 1 2 2 2 2 2 1 2 1 1 2 2 2 1 2 1 2 2 2 1 2 1 2 1 2 2 2 2 2 2 1 1 2 1 2 2 2 2 1 1 1 2 2 1 2 1 1 2 1 1 2 2 2 2 2 2 1 2
110 34 15 0 
2 2 1 1 2 1 2 2 1 1 2 1 2 2 2 1 2 1 2 1 1 2 1 1 1 1 2 1 2 2 2 2 1 1 1 1 1 1 1 2 1 1 2 1 1 1 1 1 2 2 1 1 2 2 1 2 1 2 2 2
208 161 171 0 
2 2 1 1 1 2 2 2 1 1 1 2 2 2 2 1 1 2 2 2 1 1 1 2 1 2 2 1 2 1 2 2 1 1 1 1 1 1 2 2 2 1 2 2 1 1 1 1 2 1 1 1 2 2 1 2 2 2 2 1
124 6 54 0 
2 1 2 2 2 2 2 2 1 1 1 1 1 1 1 2 1 2 2 2 2 2 1 2 2 1 1 1 2 1 2 2 1 1 1 2 1 1 2 2 1 2 2 1 1 1 1 1 2 2 1 1 2 2 2 1 1 2 2 1
203 161 35 0 
2 1 1 2 1 1 2 1 1 1 2 2 2 2 2 1 1 2 2 1 1 1 1 1 1 2 2 2 1 2 1 2 2 1 2 2 1 1 2 2 2 1 2 2 1 1 1 1 2 2 1 1 2 2 1 2 2 2 2 2
217 89 56 1 
2 1 2 1 1 2 2 2 1 1 2 2 1 2 1 2 2 2 2 2 2 2 1 2 2 1 1 1 1 1 1 1 1 1 1 1 1 1 2 2 1 1 1 2 1 1 1 1 2 2 1 1 2 2 2 1 1 1 2 1
210 3 187 1 
1 2 1 1 1 2 2 1 2 1 1 2 2 2 2 1 1 1 2 2 1 2 1 2 1 1 2 1 2 2 2 1 1 1 1 2 1 2 2 2 1 2 2 1 2 1 1 1 1 2 1 1 1 2 1 1 2 1 2 2
61 3 38 1 
2 2 1 1 2 2 2 1 2 1 1 1 2 1 1 1 1 1 2 1 1 1 1 1 1 1 2 2 2 2 2 2 1 1 1 2 1 1 2 2 2 1 2 2 1 1 1 1 1 2 1 1 1 2 2 2 2 2 1 2
83 27 11 1 
2 2 1 1 1 2 2 2 1 2 1 2 2 2 1 1 2 1 2 1 1 2 2 2 2 1 1 2 2 1 1 1 1 2 2 2 1 2 2 1 1 2 1 1 1 1 1 1 2 2 1 1 2 2 2 1 2 1 1 2
137 113 11 1 
2 2 2 2 1 2 2 1 2 1 1 1 2 2 2 2 1 2 2 2 2 2 2 2 2 2 2 2 1 1 2 2 1 1 1 1 2 1 1 2 1 1 2 2 1 1 1 1 2 2 2 1 1 2 2 1 1 1 2 2
273 89 94 0 
2 1 2 2 2 2 2 2 1 1 2 1 1 1 1 1 2 1 2 1 1 1 1 2 2 1 1 1 1 1 1 1 1 1 1 1 1 1 2 2 1 1 1 1 1 1 1 1 2 2 1 2 2 2 2 1 1 1 2 2
126 83 98 0 
2 2 1 2 2 2 2 2 2 1 2 2 2 1 1 1 1 2 1 2 2 2 2 1 1 1 2 1 1 1 1 1 2 1 2 2 2 1 1 1 2 2 1 2 1 1 1 1 2 2 1 1 2 2 1 2 1 1 2 1
124 6 54 0 
2 1 2 2 2 2 2 2 1 1 1 1 1 1 1 2 1 2 2 2 2 2 1 2 2 1 1 1 2 1 2 2 1 1 1 2 1 1 2 2 1 2 2 1 1 1 1 1 2 2 1 1 2 2 2 1 1 2 2 1
122 36 2 0 
2 1 1 1 1 2 2 1 1 1 1 2 1 2 1 2 1 2 2 2 1 1 1 1 1 1 1 2 2 2 2 2 1 1 1 1 1 1 2 2 1 1 2 2 1 1 1 1 2 2 2 2 2 2 1 2 1 2 2 2
47 36 25 1 
2 2 2 1 2 2 1 1 1 1 1 2 1 2 1 1 1 1 1 1 1 2 1 1 1 1 1 2 2 2 2 1 1 1 1 2 1 1 2 2 1 1 2 1 1 1 1 1 2 2 2 2 2 2 2 2 1 1 2 2
90 71 48 0 
2 2 1 1 1 1 2 1 1 1 1 2 2 2 1 2 1 2 1 1 1 2 1 1 1 1 2 1 2 2 2 2 1 1 1 1 2 1 1 2 1 1 1 2 1 1 1 1 2 2 1 1 2 2 1 1 1 1 2 2
149 49 114 1 
2 2 2 2 1 2 2 2 1 1 1 2 1 2 1 2 1 2 1 2 2 2 1 1 1 1 2 1 1 1 2 1 1 1 1 1 1 1 2 2 1 2 2 1 1 1 1 1 2 2 1 1 2 1 2 2 2 2 2 2
265 169 46 1 
2 1 1 1 1 2 2 2 1 1 1 1 2 2 1 2 1 2 1 2 2 2 1 2 1 2 2 1 1 1 1 1 2 2 2 2 2 1 2 2 1 2 2 1 1 1 1 1 2 2 1 1 2 2 1 2 1 1 2 2
158 70 43 1 
1 2 1 2 2 1 1 2 1 1 1 1 2 1 2 1 2 1 2 1 1 2 1 2 1 1 2 1 2 1 2 1 1 2 1 2 1 1 2 2 1 2 1 1 1 1 1 1 2 2 2 2 2 2 2 1 1 1 2 2
46 24 20 0 
2 1 2 1 2 2 2 1 1 1 1 1 2 2 2 1 2 1 2 2 2 1 2 1 2 1 1 2 1 2 1 1 1 2 2 2 1 1 2 2 2 1 1 2 1 1 1 1 2 2 1 1 2 2 2 1 1 1 2 2
251 33 62 0 
1 2 2 2 2 1 2 1 2 1 1 2 2 2 2 1 2 2 2 2 2 1 2 1 2 1 2 2 2 2 2 2 2 1 2 1 2 1 1 2 2 1 2 2 1 1 1 1 2 2 1 2 2 2 1 2 1 2 1 2
73 52 22 0 
2 2 1 1 2 1 2 1 1 2 2 1 2 2 2 2 1 2 1 2 2 1 1 1 2 1 1 2 1 2 2 2 1 1 1 1 1 1 2 1 1 2 2 1 1 1 1 1 2 1 1 1 1 1 2 1 2 2 2 2
211 184 203 1 
2 2 1 1 2 1 2 2 2 1 2 2 2 2 1 2 1 1 2 2 1 1 2 1 1 2 1 2 1 2 1 2 1 2 1 2 2 1 1 2 2 1 2 2 1 1 1 1 2 2 2 1 2 2 1 2 1 2 2 2
138 61 35 0 
2 2 1 1 2 2 2 1 2 1 1 2 1 2 1 1 1 2 1 1 1 2 1 1 1 2 2 2 2 1 2 1 1 2 2 1 1 2 2 2 2 2 2 1 1 1 1 1 2 2 1 2 1 2 2 1 2 2 1 2
39 10 2 1 
1 2 2 1 1 2 2 1 1 1 1 2 1 2 1 2 1 2 1 2 2 1 2 1 1 1 1 2 1 2 1 2 1 1 2 1 1 1 2 2 1 2 2 1 1 1 1 1 2 2 2 1 2 2 2 1 2 2 2 2
66 5 22 0 
2 2 1 1 1 2 2 1 1 1 1 2 1 2 1 2 1 2 1 2 2 1 1 1 2 1 1 2 2 2 2 2 1 1 1 1 2 1 2 1 2 2 1 1 1 1 1 1 2 2 1 2 2 2 2 1 2 2 2 2
37 16 2 0 
2 1 2 2 2 1 2 1 2 1 2 2 1 2 1 1 2 2 2 2 2 1 2 1 1 1 2 2 1 2 1 2 1 1 1 1 1 1 2 2 1 1 1 2 1 1 1 1 2 2 2 2 2 2 1 1 1 1 2 2
56 33 15 0 
1 2 2 1 2 1 2 2 2 1 1 2 2 2 2 1 2 2 2 2 1 2 1 2 1 1 2 1 2 1 2 1 2 1 2 1 2 1 1 2 1 1 2 2 1 1 1 1 2 2 1 1 2 2 1 1 1 1 1 2
45 18 25 1 
1 2 2 1 1 2 1 1 1 1 1 2 2 2 1 1 1 2 2 2 1 2 1 1 1 1 1 2 2 2 2 1 1 1 1 2 1 1 2 2 1 2 1 1 2 1 2 1 1 2 1 2 1 2 2 2 2 2 1 2
127 26 76 1 
2 2 1 1 2 2 2 1 1 2 1 1 2 1 1 1 2 2 2 2 2 1 2 2 2 1 2 1 2 2 2 2 1 1 1 1 1 1 1 2 1 1 1 2 2 1 2 1 1 2 1 2 1 2 1 1 2 1 2 2
76 53 37 0 
2 2 1 2 2 2 1 2 1 2 1 2 1 1 1 1 2 2 2 2 1 1 1 2 2 1 1 2 2 2 2 2 1 1 2 1 2 1 1 2 1 1 1 2 1 1 1 1 2 2 1 2 1 2 1 1 1 1 2 2
293 57 242 1 
1 2 1 1 2 2 1 2 2 1 1 1 2 2 2 2 2 2 2 2 2 2 1 2 1 1 2 2 2 1 2 1 1 2 1 2 1 2 2 2 2 1 1 2 2 1 2 1 1 2 1 2 1 2 2 1 1 1 2 2
25 10 15 0 
1 2 2 1 1 2 1 1 1 1 2 2 2 2 1 2 2 1 2 1 1 2 1 1 1 1 1 2 1 2 1 1 1 1 2 2 1 1 2 2 2 1 1 2 1 1 1 1 2 2 2 1 2 2 2 1 2 1 2 2
88 6 20 0 
2 2 1 1 2 1 2 2 1 1 1 1 2 2 2 1 1 1 1 1 2 2 1 1 2 2 1 2 2 2 1 2 1 1 2 1 1 1 2 2 2 2 1 1 1 1 1 1 2 2 1 1 2 2 1 2 1 2 2 2
85 57 44 1 
2 1 1 1 2 1 2 1 1 1 1 2 2 2 2 2 1 2 2 2 2 2 2 2 1 1 2 1 2 1 1 1 1 1 1 2 1 1 1 2 1 2 1 2 2 1 2 1 1 2 1 1 1 1 2 1 1 2 1 2
237 58 128 1 
2 2 2 1 2 1 1 2 1 1 1 1 1 2 1 1 1 1 2 1 1 2 1 2 1 2 1 1 2 1 2 1 1 1 1 1 1 1 2 2 1 1 2 1 1 1 1 1 2 2 2 1 2 2 1 1 1 1 2 2
40 3 21 1 
1 1 2 2 1 2 2 2 2 2 1 1 2 2 1 1 2 2 2 2 1 2 1 1 1 1 2 1 2 2 2 2 1 1 1 1 2 1 1 2 1 1 1 2 2 1 2 1 1 2 1 1 1 2 2 1 2 2 1 2
93 5 37 1 
2 1 1 2 1 1 2 1 1 1 1 2 1 2 1 1 1 2 2 2 2 2 1 1 2 1 2 2 1 2 1 2 1 1 2 1 1 1 2 2 1 1 1 1 1 1 1 1 2 2 1 2 2 2 2 1 2 1 2 2
110 34 15 0 
2 2 1 1 2 1 2 2 1 1 2 1 2 2 2 1 2 1 2 1 1 2 1 1 1 1 2 1 2 2 2 2 1 1 1 1 1 1 1 2 1 1 2 1 1 1 1 1 2 2 1 1 2 2 1 2 1 2 2 2
74 16 21 1 
2 1 2 2 2 2 2 1 2 1 1 1 2 2 1 1 2 2 2 2 2 2 2 1 1 1 2 1 1 2 1 2 1 1 2 1 1 1 1 2 1 1 1 2 1 1 1 1 2 2 2 1 2 2 1 1 1 2 2 2
175 151 95 1 
1 1 2 1 2 1 2 1 2 1 2 2 2 1 1 1 2 2 2 2 1 2 2 1 1 1 1 2 2 1 1 2 1 1 1 2 1 1 2 1 2 2 2 2 1 1 1 1 2 2 1 1 2 1 1 1 1 2 2 2
168 160 48 1 
2 1 2 2 2 1 2 1 1 1 1 2 1 2 1 2 1 2 1 1 2 2 2 1 1 1 1 1 1 2 1 2 2 1 2 1 1 2 2 1 2 1 1 2 1 1 1 1 2 2 1 1 1 1 1 1 1 2 1 2
38 6 7 0 
2 2 1 1 2 2 1 1 1 1 1 1 1 2 1 2 1 2 1 2 2 1 1 1 2 1 2 2 1 2 1 2 1 1 2 1 1 1 2 2 2 1 1 2 1 1 1 1 2 2 1 1 2 2 2 2 1 2 2 2
23 3 2 0 
1 1 1 1 2 2 2 1 2 1 1 1 2 2 2 2 1 2 2 2 1 2 1 1 1 1 2 1 2 2 2 2 1 1 1 1 1 1 2 2 2 1 2 2 1 1 1 1 1 2 1 2 1 2 1 2 2 1 1 2
79 6 31 1 
2 1 1 2 2 2 1 1 1 1 1 1 2 1 2 1 1 1 1 1 2 2 1 2 2 1 2 1 1 1 2 1 1 1 1 1 1 2 2 1 1 2 2 2 1 1 1 1 2 1 1 1 2 2 2 2 1 2 2 2
253 75 183 0 
2 2 1 1 2 2 1 2 1 1 1 2 2 2 2 2 2 2 2 1 2 2 1 2 2 1 1 2 2 2 2 1 1 1 1 1 2 1 1 2 1 1 2 1 1 2 1 2 2 1 1 1 2 1 1 2 1 1 2 2
174 75 20 0 
2 1 1 1 2 2 1 1 1 1 1 1 2 2 1 1 1 2 1 2 2 1 2 1 1 1 2 2 1 2 1 2 2 2 2 1 2 1 2 2 1 2 1 2 1 1 1 1 2 2 1 1 2 2 1 1 2 1 1 2
8 1 2 1 
2 2 1 1 1 2 2 1 1 1 1 1 2 2 1 1 1 2 1 2 2 1 2 1 1 1 1 2 1 2 1 2 2 1 2 1 2 1 1 2 1 1 1 2 1 1 1 1 2 2 1 1 2 2 1 1 2 1 1 2
189 82 122 1 
2 2 2 1 2 1 2 2 1 1 1 2 1 1 2 1 2 2 2 2 1 1 1 1 1 1 1 1 2 2 2 2 1 1 2 1 1 1 1 2 1 1 2 2 1 1 1 1 2 2 1 2 2 2 1 1 1 1 2 2
142 34 99 1 
2 1 1 1 2 2 2 2 1 1 2 1 2 2 2 1 2 1 2 2 1 1 1 1 1 1 2 2 2 2 2 2 1 1 1 1 1 2 1 2 1 1 2 2 1 1 1 1 2 2 1 1 2 2 1 2 1 2 2 1
46 24 20 0 
2 1 2 1 2 2 2 1 1 1 1 1 2 2 2 1 2 1 2 2 2 1 2 1 2 1 1 2 1 2 1 1 1 2 2 2 1 1 2 2 2 1 1 2 1 1 1 1 2 2 1 1 2 2 2 1 1 1 2 2
165 67 68 1 
1 2 2 2 1 2 2 2 2 1 2 1 2 1 1 1 2 1 2 1 1 2 2 1 1 2 2 1 2 1 1 1 1 1 1 2 2 1 1 2 1 1 1 1 2 1 1 1 2 2 2 1 2 2 1 2 1 1 2 2
94 36 19 0 
2 1 2 2 2 2 2 1 1 1 1 1 1 2 1 2 1 2 1 2 1 2 2 2 1 1 1 1 1 1 1 1 1 2 1 2 2 1 1 2 1 2 1 1 1 1 1 1 2 2 2 2 2 2 1 2 1 1 2 2
265 169 46 1 
2 1 1 1 1 2 2 2 1 1 1 1 2 2 1 2 1 2 1 2 2 2 1 2 1 2 2 1 1 1 1 1 2 2 2 2 2 1 2 2 1 2 2 1 1 1 1 1 2 2 1 1 2 2 1 2 1 1 2 2
128 67 43 0 
1 2 2 1 1 1 2 2 2 1 2 1 2 2 1 1 2 1 2 1 2 2 2 2 1 2 2 1 2 1 1 1 1 2 1 2 1 2 2 2 1 2 1 1 1 1 1 1 2 2 2 1 2 2 1 1 1 1 2 2
267 150 126 0 
2 2 1 2 1 2 2 2 1 2 1 2 2 2 2 1 2 1 2 1 2 2 1 1 2 1 1 1 1 1 2 1 1 1 1 2 1 1 2 1 1 2 1 1 1 1 1 1 2 2 1 1 2 2 2 2 2 1 2 2
172 85 42 1 
2 1 1 1 1 2 1 1 1 1 2 1 2 2 2 2 2 2 2 2 2 1 2 1 1 1 1 2 2 2 1 2 1 1 1 1 1 2 1 1 1 1 1 2 2 1 2 1 1 2 1 1 1 2 2 1 1 1 1 2
63 6 37 0 
2 2 2 2 2 2 1 2 1 2 1 2 2 1 1 1 1 2 1 2 2 1 1 1 2 1 1 2 1 1 1 1 1 1 2 1 1 1 2 2 1 1 1 2 1 1 1 1 2 2 1 2 2 2 2 1 1 1 2 2
277 182 144 0 
1 2 1 1 2 1 1 2 1 1 1 1 2 2 1 1 1 1 2 1 1 2 1 2 1 1 2 1 2 1 2 1 1 1 1 1 1 2 2 2 2 2 2 1 1 1 2 1 1 2 1 1 1 2 1 1 2 1 2 2
119 87 55 1 
1 2 2 1 2 2 1 1 1 1 1 1 1 1 2 1 2 1 2 2 2 2 2 2 1 2 1 1 2 2 1 2 1 2 2 2 1 2 1 2 1 2 1 1 2 1 1 1 1 2 1 1 2 2 2 1 2 1 1 2
236 67 144 0 
1 2 2 2 1 1 2 1 2 1 1 1 2 2 1 1 2 1 2 2 2 2 2 2 1 1 2 1 2 1 2 1 1 2 1 2 1 2 2 2 1 2 1 1 2 1 1 1 2 2 1 1 2 2 2 2 1 2 2 2
130 40 68 0 
1 2 2 2 1 2 2 2 2 2 1 2 2 1 1 1 2 1 2 2 2 2 1 1 1 1 1 1 2 2 2 1 1 1 1 2 2 1 1 2 1 1 2 1 1 1 1 1 2 2 1 1 2 2 1 1 2 1 2 2
271 36 163 0 
2 2 1 1 1 1 2 1 1 1 1 2 2 2 1 2 2 2 2 1 2 2 1 2 1 1 2 1 2 2 2 1 1 1 1 2 1 1 2 2 1 2 1 1 1 1 1 1 2 1 2 1 2 2 1 2 1 2 2 1
212 60 122 0 
2 2 2 1 2 1 1 2 1 1 2 2 2 2 2 2 2 2 2 2 2 1 2 1 1 1 2 2 2 2 2 2 1 1 1 1 1 1 2 2 1 1 1 2 1 1 1 1 2 2 1 2 2 2 2 1 2 1 2 2
246 105 42 1 
2 2 2 1 1 2 2 1 1 1 1 1 2 2 1 2 1 2 1 2 2 1 1 1 1 1 2 2 2 2 2 2 1 1 1 1 1 1 2 2 1 1 2 1 1 1 1 1 2 2 1 1 2 2 1 1 2 1 2 2
108 65 56 1 
2 1 1 1 1 2 2 2 1 2 1 1 1 2 1 1 1 2 1 2 2 1 2 1 2 1 1 2 1 2 2 2 1 2 1 2 1 2 2 1 1 1 2 2 1 1 1 1 2 2 1 1 2 2 2 1 2 1 2 2
287 172 114 0 
2 1 1 2 1 2 1 2 1 1 2 2 2 2 2 2 2 2 2 2 1 2 1 1 1 1 1 1 2 1 1 1 1 1 1 1 1 1 1 2 1 2 2 1 1 1 1 1 2 2 1 1 2 2 1 2 1 1 2 2
89 10 68 1 
2 2 1 2 1 2 1 2 1 1 1 2 1 1 1 1 2 2 2 2 1 2 1 1 1 2 1 1 2 1 2 1 1 1 2 1 1 1 2 2 2 1 1 1 1 1 1 1 2 2 2 1 2 2 2 2 1 1 2 2
10 1 2 1 
2 1 1 2 1 1 2 1 1 1 1 2 1 2 1 1 1 2 1 2 2 1 2 1 1 1 1 2 1 2 1 2 1 1 2 1 1 1 2 2 2 1 1 2 1 1 1 1 2 2 1 2 2 2 2 2 1 2 2 2
252 197 55 1 
1 2 1 1 2 2 2 1 1 1 2 1 2 2 2 1 1 1 2 1 1 2 2 2 1 1 2 1 1 1 1 1 2 2 2 2 1 2 1 2 2 1 2 1 1 1 1 1 2 2 1 2 2 2 1 1 1 1 1 2
204 105 14 0 
2 1 1 2 1 2 2 1 1 1 1 1 2 2 1 1 1 2 1 2 2 1 1 1 1 1 2 2 2 2 2 2 1 1 1 1 1 2 2 1 1 1 2 1 1 2 1 1 1 2 1 1 1 2 1 2 2 2 1 2
80 59 56 1 
2 1 1 2 1 2 2 2 1 2 1 1 2 2 1 2 2 2 2 2 1 1 1 1 1 1 2 1 1 1 1 1 1 1 2 1 1 1 2 2 1 1 2 2 1 1 1 1 2 2 1 1 2 2 2 1 2 1 2 2
199 108 171 1 
1 2 1 1 1 2 2 1 1 1 1 1 1 1 1 1 1 1 1 2 2 2 2 2 2 2 1 1 1 1 2 2 2 1 2 1 1 1 2 2 1 1 2 2 1 1 1 1 2 2 1 1 2 2 1 2 1 1 2 2
91 82 12 0 
1 2 2 2 1 2 1 2 1 1 2 1 2 2 2 1 2 1 2 1 1 2 1 2 2 1 1 1 2 2 2 1 1 1 2 1 2 1 1 2 2 2 2 1 1 1 1 1 2 2 1 1 2 2 1 1 1 1 2 2
3 0 0 1 
2 1 1 2 2 1 2 2 2 2 1 1 2 2 1 2 1 2 2 2 1 1 1 1 1 1 2 2 2 2 2 2 1 1 1 1 2 1 1 2 1 2 1 2 2 1 2 1 1 1 1 1 1 1 1 2 2 2 2 1
32 8 22 0 
2 2 1 1 1 2 1 1 1 1 1 2 2 2 1 2 2 2 2 2 1 1 1 1 1 1 1 2 1 2 1 2 1 1 1 1 1 1 2 2 1 2 1 2 1 1 1 1 2 1 1 1 2 1 1 1 2 2 1 2
99 27 21 0 
2 1 1 2 2 2 2 2 1 2 1 1 2 2 2 1 2 1 2 2 2 1 2 1 2 1 2 2 2 2 2 2 1 1 2 1 2 2 2 2 1 1 1 2 2 1 2 1 1 2 1 1 2 2 2 2 2 2 1 2
82 24 48 1 
2 1 2 2 2 1 2 1 1 1 1 2 1 2 2 2 2 2 2 2 2 1 1 1 2 1 1 1 2 2 2 2 1 1 2 1 1 2 2 1 2 1 1 2 1 1 1 1 2 2 1 1 2 2 1 1 1 1 2 2
72 18 25 1 
2 1 1 1 2 1 2 1 2 1 1 2 2 2 1 2 1 1 2 1 1 1 1 1 1 1 2 2 2 2 2 1 1 1 1 2 1 1 2 2 1 2 2 1 1 1 1 1 1 2 1 1 1 2 2 1 2 1 1 2
280 59 76 1 
2 2 1 2 2 2 1 1 1 1 1 1 2 1 1 1 2 2 2 2 2 1 2 2 1 1 1 2 1 2 1 2 1 1 2 1 2 1 2 2 1 1 2 2 1 1 1 1 2 2 1 2 2 2 2 1 1 1 2 2
41 18 7 1 
1 1 2 2 1 1 1 2 1 2 2 1 2 2 2 2 2 2 2 2 1 2 1 2 1 1 1 2 2 2 2 2 1 1 1 1 2 1 2 1 1 1 2 1 1 2 1 2 2 2 1 1 1 1 2 1 1 2 2 2
112 93 94 0 
1 2 2 2 1 2 1 2 1 1 2 1 2 1 1 1 2 1 2 2 2 2 1 2 1 1 2 1 2 1 2 1 1 1 2 1 1 2 2 1 1 1 1 1 1 1 1 1 2 2 2 2 2 2 1 1 2 1 2 2
103 65 54 1 
2 1 2 2 1 2 2 1 2 1 1 1 2 1 2 2 2 2 2 2 1 1 1 1 2 1 2 1 2 1 2 1 1 1 1 2 1 1 2 2 1 2 2 1 1 1 1 1 2 2 1 1 2 2 2 1 2 2 1 1
185 182 14 0 
1 2 1 1 2 2 2 1 2 1 1 1 2 2 2 1 2 2 2 2 1 1 1 1 1 1 2 2 2 2 2 2 1 1 1 1 1 1 1 2 1 1 1 2 2 1 2 1 1 2 1 1 1 2 2 2 2 2 2 2
102 5 48 0 
2 1 1 2 2 1 1 1 1 1 1 2 1 2 1 2 1 2 2 1 2 2 2 1 2 1 1 1 1 2 1 2 1 1 2 1 2 1 2 1 2 1 1 2 1 1 1 1 2 2 1 1 2 1 2 1 2 2 1 2
270 172 23 0 
2 1 1 1 1 2 1 1 1 1 2 1 2 2 2 2 2 2 2 2 2 2 2 1 1 1 2 2 2 2 2 2 1 1 1 1 2 1 1 2 1 1 1 2 1 1 2 1 1 1 1 1 2 1 1 1 1 2 2 1
105 33 20 1 
2 2 2 1 2 1 2 2 2 1 1 1 2 2 1 1 2 1 2 1 2 2 1 1 1 1 2 2 2 2 2 2 1 1 1 1 2 1 1 2 2 1 2 2 1 1 1 1 1 2 1 1 1 2 1 1 2 2 1 2
146 115 78 0 
2 1 1 2 2 1 1 2 1 2 1 1 1 2 1 1 2 1 2 1 2 2 1 2 2 2 1 1 1 1 1 1 1 2 2 2 1 1 2 2 1 2 1 2 2 1 1 1 2 2 1 1 1 2 1 1 2 1 2 1
296 53 56 1 
2 2 1 1 2 1 1 2 1 1 1 2 1 2 1 2 2 2 2 2 2 1 1 1 1 1 2 1 2 1 2 1 1 1 2 1 1 1 1 1 1 1 2 2 1 1 1 1 2 2 1 1 1 2 1 1 2 1 2 1
89 10 68 1 
2 2 1 2 1 2 1 2 1 1 1 2 1 1 1 1 2 2 2 2 1 2 1 1 1 2 1 1 2 1 2 1 1 1 2 1 1 1 2 2 2 1 1 1 1 1 1 1 2 2 2 1 2 2 2 2 1 1 2 2
233 67 109 0 
1 2 2 1 1 2 2 1 2 1 2 1 2 1 1 1 2 2 2 2 1 2 1 2 1 2 2 1 2 1 1 2 1 1 1 1 1 1 2 2 1 1 1 2 2 1 1 1 2 2 1 1 2 2 2 2 2 2 2 2
275 104 66 0 
2 2 1 1 1 1 1 2 1 1 2 1 1 1 1 1 1 1 1 1 2 2 1 1 2 1 1 2 1 2 2 2 1 1 1 1 1 1 1 1 1 2 1 1 1 1 1 1 1 2 1 2 1 2 1 1 1 2 2 2
264 190 19 0 
2 2 2 2 2 2 2 2 1 1 1 2 2 1 1 1 2 2 1 1 2 2 2 2 1 1 2 2 2 2 1 2 1 1 1 1 1 1 2 1 2 2 1 2 1 1 1 1 2 2 1 1 2 2 1 2 1 2 2 1
233 67 109 0 
1 2 2 1 1 2 2 1 2 1 2 1 2 1 1 1 2 2 2 2 1 2 1 2 1 2 2 1 2 1 1 2 1 1 1 1 1 1 2 2 1 1 1 2 2 1 1 1 2 2 1 1 2 2 2 2 2 2 2 2
245 158 9 1 
2 2 2 1 1 1 2 1 1 1 1 1 2 2 2 2 2 2 1 2 2 1 2 1 1 1 1 2 1 2 1 2 2 1 1 1 1 1 2 2 1 1 1 2 1 1 1 2 2 1 2 1 2 2 1 1 1 1 2 2
293 57 242 1 
1 2 1 1 2 2 1 2 2 1 1 1 2 2 2 2 2 2 2 2 2 2 1 2 1 1 2 2 2 1 2 1 1 2 1 2 1 2 2 2 2 1 1 2 2 1 2 1 1 2 1 2 1 2 2 1 1 1 2 2
137 113 11 1 
2 2 2 2 1 2 2 1 2 1 1 1 2 2 2 2 1 2 2 2 2 2 2 2 2 2 2 2 1 1 2 2 1 1 1 1 2 1 1 2 1 1 2 2 1 1 1 1 2 2 2 1 1 2 2 1 1 1 2 2
230 175 138 0 
1 2 2 1 2 2 2 1 2 1 2 2 1 2 1 1 2 2 2 1 1 2 2 1 1 2 1 2 2 1 1 1 1 2 1 1 1 2 1 2 2 2 2 1 1 1 1 1 2 2 1 2 2 2 1 2 1 2 2 1
263 61 109 0 
2 2 1 1 2 1 1 2 1 1 1 1 1 2 1 1 1 2 2 2 1 2 1 2 1 1 2 2 2 2 2 2 1 1 2 1 1 1 2 2 1 1 2 2 1 1 1 1 2 2 1 1 2 2 2 2 2 2 2 2
303 209 77 1 
1 2 1 1 1 2 1 1 2 1 1 1 2 2 2 2 2 2 2 2 2 2 1 2 1 2 2 1 2 2 1 2 1 1 1 2 1 1 2 2 2 1 1 1 1 1 1 1 2 2 1 2 2 2 1 2 1 2 2 2
85 57 44 1 
2 1 1 1 2 1 2 1 1 1 1 2 2 2 2 2 1 2 2 2 2 2 2 2 1 1 2 1 2 1 1 1 1 1 1 2 1 1 1 2 1 2 1 2 2 1 2 1 1 2 1 1 1 1 2 1 1 2 1 2
192 111 11 0 
2 2 1 1 2 2 1 1 1 1 1 2 1 2 1 1 2 1 2 1 1 2 1 2 1 1 2 2 2 1 1 1 1 2 1 2 1 2 2 1 2 2 2 1 1 1 1 1 1 2 1 1 1 2 1 1 1 1 2 2
5 1 2 1 
2 2 1 1 1 2 2 1 1 1 1 1 1 2 1 2 1 2 1 2 2 2 1 2 2 2 2 1 1 2 1 2 1 1 2 1 2 1 2 2 2 1 1 2 1 1 1 1 2 2 1 1 2 2 2 2 2 2 1 2
167 1 125 1 
2 2 2 1 2 2 2 1 2 1 2 1 1 1 1 1 1 2 1 2 2 2 2 2 1 2 1 1 1 1 1 1 1 1 2 2 1 2 2 1 2 2 1 2 1 1 1 1 2 2 1 1 2 2 1 2 1 1 2 2
178 134 148 0 
2 2 1 2 2 2 2 1 1 1 1 1 2 1 2 1 2 1 2 1 2 1 2 1 1 1 1 2 2 1 2 1 2 1 2 1 2 1 1 2 1 2 1 1 1 1 1 1 2 2 1 2 2 2 1 1 1 1 2 2
43 1 17 0 
2 2 1 2 1 1 2 2 1 2 1 2 2 1 1 1 1 1 1 1 2 2 2 2 1 2 1 1 1 1 1 1 2 2 2 2 1 2 2 2 2 2 1 1 1 1 1 1 2 2 1 2 2 2 1 1 1 1 2 2
90 71 48 0 
2 2 1 1 1 1 2 1 1 1 1 2 2 2 1 2 1 2 1 1 1 2 1 1 1 1 2 1 2 2 2 2 1 1 1 1 2 1 1 2 1 1 1 2 1 1 1 1 2 2 1 1 2 2 1 1 1 1 2 2
108 65 56 1 
2 1 1 1 1 2 2 2 1 2 1 1 1 2 1 1 1 2 1 2 2 1 2 1 2 1 1 2 1 2 2 2 1 2 1 2 1 2 2 1 1 1 2 2 1 1 1 1 2 2 1 1 2 2 2 1 2 1 2 2
13 1 2 0 
2 2 2 1 2 2 2 1 2 1 2 1 1 2 1 1 1 2 1 2 2 2 2 2 1 2 1 1 1 2 1 2 1 1 2 1 2 1 1 2 1 1 1 1 1 1 1 1 2 2 1 2 2 2 1 2 1 1 2 2
162 45 110 1 
1 2 2 1 1 2 1 2 1 1 2 2 2 2 1 2 1 2 2 2 1 1 1 1 1 1 1 1 2 2 2 2 1 1 2 1 1 1 2 2 1 1 1 1 2 1 2 1 1 2 1 1 2 2 2 1 2 1 1 2
42 6 9 0 
2 1 1 2 2 1 1 2 1 2 1 1 2 2 2 2 2 2 2 2 2 1 1 1 2 1 1 2 2 2 2 2 1 1 1 1 1 2 2 1 1 1 1 2 1 1 1 1 2 2 1 1 2 2 1 1 1 1 2 2
148 58 32 0 
2 2 2 1 2 1 1 1 1 1 1 2 1 2 1 2 1 2 1 2 1 1 1 1 1 1 2 2 1 1 1 1 1 1 1 1 1 1 2 2 2 1 2 1 1 1 1 1 2 2 2 1 2 2 1 1 1 2 2 2
221 8 86 1 
2 2 1 1 1 2 1 2 1 2 1 2 2 2 1 2 1 2 1 2 2 1 2 1 1 1 1 1 1 2 1 2 1 1 1 1 1 2 2 2 1 2 1 2 1 1 1 1 2 1 1 1 2 1 1 1 1 2 2 2
34 18 22 1 
2 2 1 1 2 2 1 2 2 1 1 2 2 2 1 2 1 2 2 2 1 1 1 1 1 1 2 2 2 2 2 2 1 1 1 1 1 1 1 1 1 2 2 2 1 1 1 1 2 1 1 1 2 1 1 1 1 2 2 2
203 161 35 0 
2 1 1 2 1 1 2 1 1 1 2 2 2 2 2 1 1 2 2 1 1 1 1 1 1 2 2 2 1 2 1 2 2 1 2 2 1 1 2 2 2 1 2 2 1 1 1 1 2 2 1 1 2 2 1 2 2 2 2 2
103 65 54 1 
2 1 2 2 1 2 2 1 2 1 1 1 2 1 2 2 2 2 2 2 1 1 1 1 2 1 2 1 2 1 2 1 1 1 1 2 1 1 2 2 1 2 2 1 1 1 1 1 2 2 1 1 2 2 2 1 2 2 1 1
128 67 43 0 
1 2 2 1 1 1 2 2 2 1 2 1 2 2 1 1 2 1 2 1 2 2 2 2 1 2 2 1 2 1 1 1 1 2 1 2 1 2 2 2 1 2 1 1 1 1 1 1 2 2 2 1 2 2 1 1 1 1 2 2
268 184 136 0 
2 2 1 1 2 1 2 2 2 1 2 1 2 1 1 1 2 1 2 2 1 2 2 2 1 2 1 2 1 2 1 2 1 1 1 1 2 1 1 2 1 2 2 2 1 1 1 1 2 1 2 1 2 2 1 2 1 1 2 2
113 92 78 1 
2 1 1 2 2 1 1 2 1 2 1 1 1 2 1 2 2 1 2 2 2 2 1 2 2 2 2 1 1 1 2 1 1 1 1 1 2 2 1 2 1 2 2 2 1 1 1 1 2 1 2 1 2 1 2 1 1 1 2 2
255 153 231 1 
1 2 1 2 2 1 1 2 1 1 1 1 1 2 1 1 1 2 1 2 2 1 1 1 1 1 2 2 2 1 1 1 2 1 2 1 1 1 2 2 1 1 2 2 1 1 1 1 2 2 2 1 2 2 2 1 1 2 2 2
210 3 187 1 
1 2 1 1 1 2 2 1 2 1 1 2 2 2 2 1 1 1 2 2 1 2 1 2 1 1 2 1 2 2 2 1 1 1 1 2 1 2 2 2 1 2 2 1 2 1 1 1 1 2 1 1 1 2 1 1 2 1 2 2
219 69 122 1 
2 2 1 1 2 2 1 1 1 1 1 2 1 2 1 2 1 2 1 2 2 1 2 1 2 1 1 1 2 2 1 2 1 1 2 1 1 1 2 2 1 1 2 2 1 1 1 1 2 2 2 2 2 2 2 2 1 2 2 2
213 57 128 1 
1 2 1 1 2 1 1 2 1 2 1 2 2 2 2 1 2 2 2 2 2 2 2 2 1 1 2 2 2 2 1 1 1 1 1 1 1 1 2 2 2 2 1 1 2 1 2 1 1 2 1 1 1 2 2 1 2 1 1 2
55 5 43 0 
2 2 1 1 2 1 1 2 1 1 1 1 1 2 1 1 1 1 2 1 2 2 2 2 2 1 1 1 2 1 2 1 1 2 1 2 1 2 2 2 1 2 1 1 1 1 1 1 2 2 1 2 2 2 2 1 2 1 1 2
28 6 14 1 
2 2 2 1 2 2 2 2 1 2 1 1 2 2 2 1 2 1 2 2 2 1 1 1 2 1 1 2 1 2 1 2 1 1 2 1 1 1 2 2 1 1 2 2 1 1 1 1 2 2 1 1 2 1 1 2 1 2 2 2
237 58 128 1 
2 2 2 1 2 1 1 2 1 1 1 1 1 2 1 1 1 1 2 1 1 2 1 2 1 2 1 1 2 1 2 1 1 1 1 1 1 1 2 2 1 1 2 1 1 1 1 1 2 2 2 1 2 2 1 1 1 1 2 2
109 65 2 0 
2 2 1 1 1 2 2 1 2 1 1 1 1 2 1 1 1 2 2 2 2 2 2 2 2 1 1 2 1 2 2 2 1 1 1 1 1 1 2 2 1 1 2 2 1 1 1 1 2 2 1 1 2 2 2 2 2 2 1 2
281 33 2 0 
1 2 2 2 1 1 2 1 2 1 1 2 2 2 2 2 1 2 2 2 1 2 2 2 2 2 2 1 2 2 2 2 2 1 2 1 2 1 1 1 1 2 2 1 1 1 1 1 1 2 1 1 1 2 1 2 2 1 2 2
238 220 212 0 
1 2 2 1 2 1 1 1 1 1 1 2 1 2 1 2 1 2 1 2 2 1 2 2 1 1 2 2 2 2 1 2 2 1 2 1 1 1 2 2 2 1 2 2 1 1 1 1 1 2 2 1 2 2 2 2 1 1 2 2
11 1 2 0 
2 2 2 1 2 2 2 1 2 1 2 1 2 2 1 2 1 2 1 2 2 2 2 2 1 2 2 2 1 2 1 2 2 1 2 1 2 1 1 2 2 1 1 2 1 1 1 1 2 2 1 2 2 2 1 1 1 1 1 2
276 219 173 0 
2 2 1 1 2 2 1 1 1 1 1 1 1 2 1 1 1 1 1 1 2 1 1 1 1 2 1 1 2 1 2 1 1 1 1 1 1 1 2 2 1 1 2 2 1 1 1 1 2 2 2 1 2 2 2 2 1 2 2 2
20 1 2 0 
2 1 1 1 1 2 2 1 1 1 1 1 2 2 1 1 1 2 1 2 2 1 1 1 2 1 2 2 1 2 1 2 2 1 2 1 1 1 2 2 2 1 1 2 1 1 1 1 2 2 1 1 2 2 1 2 1 2 2 2
289 29 268 1 
1 2 2 1 2 1 2 2 2 2 1 2 2 1 1 1 1 1 2 2 1 2 1 2 1 2 2 2 2 2 1 2 1 1 2 1 1 1 2 2 1 1 2 2 1 1 1 1 2 2 1 1 1 2 1 2 1 1 2 2
247 170 64 0 
1 2 2 1 2 2 2 1 1 1 2 1 1 1 1 1 2 1 2 2 2 2 2 2 1 2 2 1 1 2 1 2 2 1 2 1 1 1 1 2 2 1 2 2 1 1 1 1 2 1 1 2 2 2 2 2 1 1 1 2
118 69 64 0 
2 2 1 2 2 2 1 1 1 1 1 1 1 1 1 1 2 1 2 1 1 1 1 1 2 2 1 1 2 1 1 1 1 1 2 1 1 1 2 2 1 1 2 2 1 1 1 1 2 2 1 2 2 2 1 1 1 1 2 2
171 129 81 0 
2 2 1 1 2 2 1 2 1 1 1 2 1 2 1 1 1 2 2 2 2 1 2 2 2 2 1 1 1 1 2 2 1 1 1 2 1 2 2 2 1 1 2 2 1 1 1 1 1 2 1 1 2 2 2 2 2 1 1 2
101 28 25 0 
2 2 2 1 2 2 2 1 1 1 1 2 2 2 2 1 2 2 2 2 1 1 1 1 1 1 2 1 2 1 2 1 1 1 2 2 1 1 2 2 1 2 2 1 1 1 1 1 2 2 1 1 2 2 1 2 1 2 2 2
97 50 38 1 
1 2 2 1 2 2 1 1 1 1 1 1 2 2 2 2 1 2 2 2 1 1 1 1 1 2 2 2 2 1 1 2 1 1 1 1 1 1 2 2 2 1 1 2 1 1 1 1 2 2 1 1 2 2 1 2 2 2 2 2
258 219 20 1 
2 2 1 1 2 1 1 2 1 1 1 1 1 2 1 1 1 2 1 2 2 1 2 1 2 1 1 2 2 2 2 2 1 1 1 1 1 1 2 2 1 1 2 2 1 1 1 1 2 2 2 1 2 2 2 2 1 1 2 2
204 105 14 0 
2 1 1 2 1 2 2 1 1 1 1 1 2 2 1 1 1 2 1 2 2 1 1 1 1 1 2 2 2 2 2 2 1 1 1 1 1 2 2 1 1 1 2 1 1 2 1 1 1 2 1 1 1 2 1 2 2 2 1 2
184 36 126 1 
2 2 1 1 1 2 2 2 1 2 1 2 2 2 1 1 2 1 1 2 1 2 2 1 1 1 1 1 1 1 1 1 1 2 1 2 2 2 1 1 1 2 2 2 1 1 1 1 2 2 2 1 2 2 1 1 1 1 2 2
95 34 51 0 
2 1 1 1 2 1 1 1 2 1 1 2 2 1 1 1 2 2 2 2 1 2 1 1 1 1 2 2 2 1 2 1 1 1 1 2 1 1 1 2 2 1 2 1 1 1 1 1 2 2 1 2 1 2 1 1 2 1 2 2
50 39 14 1 
1 1 2 2 1 2 2 1 1 1 1 1 2 2 2 1 2 1 2 2 2 1 1 1 1 1 1 2 1 2 1 2 1 1 1 1 1 2 2 1 2 1 1 1 1 1 1 1 2 1 1 1 2 1 1 2 2 2 2 2
139 71 23 0 
2 1 1 1 1 2 1 1 1 1 1 1 2 2 1 2 1 2 1 2 2 2 2 1 1 1 2 1 2 2 1 2 2 1 2 1 2 1 1 2 1 2 1 2 1 1 1 1 2 1 1 1 2 1 1 2 2 1 1 2
295 160 250 1 
2 1 1 2 1 2 2 1 1 1 1 2 2 2 2 2 2 2 2 2 2 2 2 2 1 1 1 2 1 1 1 2 2 1 2 1 1 1 2 2 2 2 1 1 2 2 1 1 2 1 2 1 2 1 2 1 1 2 1 1
2 0 0 0 
1 2 2 1 1 2 1 1 1 1 2 1 2 2 2 1 2 2 2 2 2 1 2 1 2 1 1 2 2 2 2 2 1 1 1 1 1 1 2 1 1 2 2 1 1 1 1 1 2 2 1 2 2 2 2 1 2 1 2 2
281 33 2 0 
1 2 2 2 1 1 2 1 2 1 1 2 2 2 2 2 1 2 2 2 1 2 2 2 2 2 2 1 2 2 2 2 2 1 2 1 2 1 1 1 1 2 2 1 1 1 1 1 1 2 1 1 1 2 1 2 2 1 2 2
268 184 136 0 
2 2 1 1 2 1 2 2 2 1 2 1 2 1 1 1 2 1 2 2 1 2 2 2 1 2 1 2 1 2 1 2 1 1 1 1 2 1 1 2 1 2 2 2 1 1 1 1 2 1 2 1 2 2 1 2 1 1 2 2
151 92 100 1 
2 1 1 2 2 2 1 2 1 2 1 2 2 1 1 1 2 1 2 2 1 1 2 1 1 1 1 1 2 1 2 1 1 1 1 1 1 1 1 2 2 1 2 1 1 1 1 1 2 2 1 1 2 2 2 1 1 1 2 2
52 28 15 1 
2 2 1 1 2 2 2 1 1 1 1 2 2 2 2 2 1 1 2 1 1 2 1 1 2 1 1 2 1 1 2 2 1 1 1 1 1 1 2 2 1 1 2 2 1 1 1 1 2 2 1 1 1 2 2 2 2 1 2 2
147 83 22 0 
2 2 1 2 1 1 2 2 2 2 2 1 2 2 1 2 1 2 1 2 2 1 2 1 2 1 1 2 2 2 1 2 1 1 2 1 1 1 2 1 1 2 1 1 1 1 1 1 2 2 1 1 2 1 2 1 1 2 2 2
121 39 66 1 
1 2 2 1 1 2 2 1 1 1 1 2 1 2 1 2 1 2 2 2 2 1 2 1 1 1 2 2 2 2 2 2 1 1 1 1 1 1 2 1 2 2 1 1 1 1 1 1 2 2 2 2 2 2 2 1 2 2 2 2
154 97 32 1 
2 2 1 1 2 2 1 1 1 1 1 2 2 2 2 1 1 2 2 2 1 1 1 1 1 1 2 2 2 2 1 1 1 1 1 1 1 1 2 2 2 1 2 1 1 1 1 1 2 2 1 1 2 2 2 1 2 2 2 1
69 47 46 1 
2 2 1 2 2 2 1 1 1 1 1 1 1 2 1 2 1 2 1 2 1 2 1 2 1 2 1 1 2 2 1 1 1 1 2 2 1 1 2 2 1 2 2 2 1 1 1 1 2 2 2 1 2 2 2 1 1 1 2 2
36 10 13 1 
2 2 1 2 1 2 2 1 1 1 1 1 1 2 1 1 1 2 1 2 1 2 1 2 1 1 2 1 2 1 2 1 1 1 1 1 1 2 2 1 1 1 2 1 1 1 1 1 2 2 2 2 2 2 2 1 2 1 2 2
104 47 73 1 
2 2 1 1 2 1 1 1 1 2 2 2 1 2 1 2 1 2 1 2 2 2 1 1 1 2 2 1 2 1 2 2 1 1 1 1 1 1 2 1 1 2 2 1 1 1 1 1 2 1 2 1 2 1 2 1 1 2 2 2
132 96 38 0 
2 2 2 1 2 2 1 1 1 1 1 1 1 1 1 1 1 1 1 1 2 2 1 1 1 1 1 2 1 1 1 2 2 1 2 1 2 1 2 2 2 1 1 2 1 1 1 1 2 2 1 1 2 2 2 2 1 1 2 2
230 175 138 0 
1 2 2 1 2 2 2 1 2 1 2 2 1 2 1 1 2 2 2 1 1 2 2 1 1 2 1 2 2 1 1 1 1 2 1 1 1 2 1 2 2 2 2 1 1 1 1 1 2 2 1 2 2 2 1 2 1 2 2 1
142 34 99 1 
2 1 1 1 2 2 2 2 1 1 2 1 2 2 2 1 2 1 2 2 1 1 1 1 1 1 2 2 2 2 2 2 1 1 1 1 1 2 1 2 1 1 2 2 1 1 1 1 2 2 1 1 2 2 1 2 1 2 2 1
64 58 13 0 
2 2 1 2 2 2 1 1 1 1 1 1 1 1 1 1 1 1 1 2 1 2 1 2 1 2 1 1 1 2 1 2 1 1 1 1 1 1 2 2 1 1 2 1 1 1 1 1 1 2 2 2 2 2 1 2 1 1 2 2
49 39 14 1 
2 2 2 2 1 2 2 1 1 1 1 1 1 2 1 1 1 2 1 2 2 1 2 1 1 1 1 2 1 2 2 2 1 1 1 1 1 1 2 2 2 1 1 2 1 1 1 1 2 2 1 1 2 2 2 2 2 2 2 2
207 26 152 1 
2 2 1 2 2 2 2 2 1 1 1 1 2 2 1 2 2 2 2 2 2 1 2 2 2 1 2 2 2 2 2 2 1 1 1 2 1 2 1 1 1 1 1 1 1 1 1 1 2 2 1 2 2 2 1 1 2 2 2 2
107 27 81 0 
2 2 1 1 1 2 2 2 1 1 1 1 2 2 2 2 2 1 2 1 1 1 1 2 1 2 2 1 2 1 2 1 1 2 1 1 1 1 2 2 1 2 1 1 2 1 2 1 1 2 1 2 2 2 2 1 2 1 2 2
21 3 2 0 
1 1 2 2 2 2 2 1 2 1 1 1 2 2 1 1 1 2 2 2 1 2 1 1 1 1 2 1 2 2 2 2 1 1 1 1 2 1 1 2 1 1 2 2 1 1 1 1 1 2 1 1 1 2 1 2 2 2 2 2
187 119 25 0 
2 2 1 1 2 2 1 1 1 1 1 2 1 2 1 1 1 2 2 2 2 1 2 1 2 1 1 2 2 2 2 1 2 1 2 2 2 1 2 2 2 2 1 1 1 1 1 1 2 2 1 2 2 2 1 1 1 1 2 2
33 3 11 1 
1 2 2 2 1 2 2 2 2 2 1 1 2 2 1 2 1 2 2 2 1 2 1 2 1 2 2 2 2 2 2 2 1 2 1 2 2 2 1 1 2 1 2 2 1 1 1 1 1 2 1 1 1 2 1 1 2 1 2 1
296 53 56 1 
2 2 1 1 2 1 1 2 1 1 1 2 1 2 1 2 2 2 2 2 2 1 1 1 1 1 2 1 2 1 2 1 1 1 2 1 1 1 1 1 1 1 2 2 1 1 1 1 2 2 1 1 1 2 1 1 2 1 2 1
173 5 118 0 
2 2 1 1 2 2 1 1 1 1 1 1 2 1 1 1 1 1 1 1 2 1 1 1 2 2 2 1 1 1 1 1 1 1 2 1 2 1 2 2 2 1 1 2 1 1 1 1 2 2 1 2 2 2 2 1 2 1 2 2
88 6 20 0 
2 2 1 1 2 1 2 2 1 1 1 1 2 2 2 1 1 1 1 1 2 2 1 1 2 2 1 2 2 2 1 2 1 1 2 1 1 1 2 2 2 2 1 1 1 1 1 1 2 2 1 1 2 2 1 2 1 2 2 2
122 36 2 0 
2 1 1 1 1 2 2 1 1 1 1 2 1 2 1 2 1 2 2 2 1 1 1 1 1 1 1 2 2 2 2 2 1 1 1 1 1 1 2 2 1 1 2 2 1 1 1 1 2 2 2 2 2 2 1 2 1 2 2 2
173 5 118 0 
2 2 1 1 2 2 1 1 1 1 1 1 2 1 1 1 1 1 1 1 2 1 1 1 2 2 2 1 1 1 1 1 1 1 2 1 2 1 2 2 2 1 1 2 1 1 1 1 2 2 1 2 2 2 2 1 2 1 2 2
184 36 126 1 
2 2 1 1 1 2 2 2 1 2 1 2 2 2 1 1 2 1 1 2 1 2 2 1 1 1 1 1 1 1 1 1 1 2 1 2 2 2 1 1 1 2 2 2 1 1 1 1 2 2 2 1 2 2 1 1 1 1 2 2
260 75 215 1 
1 1 1 1 2 2 1 1 1 2 1 2 2 2 2 2 2 2 1 2 2 2 2 2 2 2 1 2 2 2 2 2 1 1 1 1 2 2 2 2 1 2 1 1 1 1 1 1 2 2 1 1 2 2 1 2 1 1 2 2
232 85 109 0 
2 2 1 1 1 1 1 2 1 2 2 1 2 1 2 1 2 1 2 2 2 2 2 2 1 2 1 1 1 1 1 2 1 1 1 1 1 1 2 2 2 1 2 2 1 1 2 1 1 2 1 1 1 2 2 2 1 2 1 2
138 61 35 0 
2 2 1 1 2 2 2 1 2 1 1 2 1 2 1 1 1 2 1 1 1 2 1 1 1 2 2 2 2 1 2 1 1 2 2 1 1 2 2 2 2 2 2 1 1 1 1 1 2 2 1 2 1 2 2 1 2 2 1 2
106 61 19 0 
2 2 1 2 2 2 2 2 2 1 1 1 2 2 1 2 1 2 2 2 1 2 1 2 1 1 2 1 2 1 2 1 1 2 2 2 1 1 2 1 1 2 2 2 1 1 1 1 2 2 1 1 2 2 2 1 2 1 1 1
54 39 19 0 
1 1 2 2 2 2 1 2 1 1 1 2 1 1 2 1 2 1 2 2 1 2 1 2 1 1 2 1 2 1 1 2 1 1 2 1 1 1 2 1 2 2 1 2 1 1 1 1 2 2 1 1 2 2 1 2 2 2 2 1
104 47 73 1 
2 2 1 1 2 1 1 1 1 2 2 2 1 2 1 2 1 2 1 2 2 2 1 1 1 2 2 1 2 1 2 2 1 1 1 1 1 1 2 1 1 2 2 1 1 1 1 1 2 1 2 1 2 1 2 1 1 2 2 2
271 36 163 0 
2 2 1 1 1 1 2 1 1 1 1 2 2 2 1 2 2 2 2 1 2 2 1 2 1 1 2 1 2 2 2 1 1 1 1 2 1 1 2 2 1 2 1 1 1 1 1 1 2 1 2 1 2 2 1 2 1 2 2 1
261 117 20 1 
2 2 2 1 1 1 1 2 1 1 2 1 2 2 2 1 2 2 2 1 1 2 2 1 1 1 1 2 1 1 2 1 1 2 1 1 1 1 2 2 1 1 1 2 1 1 1 1 2 2 2 1 2 2 1 2 2 2 2 2
165 67 68 1 
1 2 2 2 1 2 2 2 2 1 2 1 2 1 1 1 2 1 2 1 1 2 2 1 1 2 2 1 2 1 1 1 1 1 1 2 2 1 1 2 1 1 1 1 2 1 1 1 2 2 2 1 2 2 1 2 1 1 2 2
280 59 76 1 
2 2 1 2 2 2 1 1 1 1 1 1 2 1 1 1 2 2 2 2 2 1 2 2 1 1 1 2 1 2 1 2 1 1 2 1 2 1 2 2 1 1 2 2 1 1 1 1 2 2 1 2 2 2 2 1 1 1 2 2
206 175 77 0 
1 2 1 1 1 2 1 1 2 1 2 1 2 1 1 1 2 1 2 2 2 2 1 2 1 1 2 1 1 2 2 1 1 2 2 2 1 2 1 2 2 1 2 1 1 1 1 1 2 2 1 1 2 2 1 2 1 2 2 2
241 217 155 0 
2 2 1 1 1 2 2 2 1 1 2 1 2 2 2 1 2 2 2 2 2 1 1 1 1 2 1 1 1 2 1 1 1 1 1 2 1 1 2 2 1 1 1 1 1 2 1 2 2 1 1 1 2 2 1 2 1 2 1 1
166 105 128 0 
2 2 2 1 1 1 2 2 1 1 1 1 2 2 1 1 1 1 1 1 2 2 1 2 1 2 2 1 2 1 2 1 1 2 1 2 2 2 1 2 2 2 2 1 1 1 1 1 1 2 1 1 1 2 1 1 2 1 1 2
196 161 128 0 
2 2 1 1 2 1 2 2 1 2 2 2 2 2 2 1 1 2 2 2 1 2 1 2 1 1 2 2 2 2 2 1 1 2 1 2 1 2 1 2 1 2 2 1 1 1 1 1 2 2 1 2 2 2 1 1 2 1 2 2
18 3 2 1 
2 1 1 2 2 1 2 1 2 1 1 2 2 2 1 2 1 2 2 2 1 1 1 1 1 1 2 1 2 2 2 2 1 1 1 1 2 1 1 2 1 1 1 2 2 1 2 1 1 2 1 1 1 2 2 1 2 1 1 2
291 33 195 1 
2 2 2 2 1 2 2 2 2 2 1 1 2 2 1 2 1 1 2 2 1 2 1 2 1 2 2 1 2 1 2 2 1 1 1 1 2 1 1 1 2 1 2 2 1 1 1 1 1 2 1 1 2 1 1 1 1 2 1 2
190 123 12 1 
1 2 2 2 2 2 2 2 1 1 1 1 2 2 2 1 2 1 2 1 1 2 1 2 1 1 2 1 2 1 1 1 1 1 1 1 2 1 1 2 2 2 2 1 1 1 1 1 2 2 1 1 2 2 1 1 1 1 2 2
206 175 77 0 
1 2 1 1 1 2 1 1 2 1 2 1 2 1 1 1 2 1 2 2 2 2 1 2 1 1 2 1 1 2 2 1 1 2 2 2 1 2 1 2 2 1 2 1 1 1 1 1 2 2 1 1 2 2 1 2 1 2 2 2
40 3 21 1 
1 1 2 2 1 2 2 2 2 2 1 1 2 2 1 1 2 2 2 2 1 2 1 1 1 1 2 1 2 2 2 2 1 1 1 1 2 1 1 2 1 1 1 2 2 1 2 1 1 2 1 1 1 2 2 1 2 2 1 2
169 8 55 1 
2 2 1 1 1 1 2 2 1 1 1 1 2 1 1 1 1 1 1 1 2 2 1 2 1 1 2 1 1 1 1 1 2 2 2 2 2 1 1 2 1 1 2 1 1 1 1 1 2 2 1 1 2 2 1 2 1 2 2 1
162 45 110 1 
1 2 2 1 1 2 1 2 1 1 2 2 2 2 1 2 1 2 2 2 1 1 1 1 1 1 1 1 2 2 2 2 1 1 2 1 1 1 2 2 1 1 1 1 2 1 2 1 1 2 1 1 2 2 2 1 2 1 1 2
75 8 42 1 
2 1 1 1 2 2 1 1 1 1 1 1 2 2 1 2 1 2 1 2 2 2 2 1 1 2 2 1 1 2 1 2 2 1 2 1 2 2 1 2 1 1 2 1 1 1 1 1 2 2 1 1 2 2 1 1 2 1 1 2
255 153 231 1 
1 2 1 2 2 1 1 2 1 1 1 1 1 2 1 1 1 2 1 2 2 1 1 1 1 1 2 2 2 1 1 1 2 1 2 1 1 1 2 2 1 1 2 2 1 1 1 1 2 2 2 1 2 2 2 1 1 2 2 2
182 3 14 1 
1 1 2 1 2 2 2 1 2 1 1 1 2 2 2 1 2 1 2 2 1 1 1 1 1 1 2 2 2 2 2 2 1 1 1 1 1 1 2 1 2 1 2 1 1 2 2 2 1 1 1 1 1 1 1 2 2 2 2 2
278 261 186 1 
2 1 2 2 1 2 1 1 1 1 1 1 2 2 1 2 2 2 2 2 1 2 2 2 1 1 2 2 1 2 1 1 2 1 1 1 1 1 2 1 1 2 2 1 1 1 1 1 2 2 1 1 2 2 2 2 2 2 2 1
294 119 259 0 
2 2 1 1 2 2 1 2 1 2 1 1 1 2 1 2 1 2 2 2 2 1 2 1 1 1 1 2 2 2 2 2 2 1 2 1 2 1 2 2 2 1 1 2 1 1 1 1 2 2 1 1 2 2 2 1 1 1 2 2
175 151 95 1 
1 1 2 1 2 1 2 1 2 1 2 2 2 1 1 1 2 2 2 2 1 2 2 1 1 1 1 2 2 1 1 2 1 1 1 2 1 1 2 1 2 2 2 2 1 1 1 1 2 2 1 1 2 1 1 1 1 2 2 2
115 53 7 1 
2 2 1 1 2 2 1 1 1 1 1 1 1 2 1 1 2 2 2 2 2 2 1 2 2 1 1 2 1 2 1 2 1 1 2 1 1 1 2 2 2 1 1 1 1 2 1 2 2 2 1 1 1 2 1 2 2 2 2 2
150 30 88 1 
2 2 1 1 1 1 2 2 2 1 1 1 2 2 2 1 2 1 2 1 2 2 2 1 2 2 1 2 1 2 2 2 1 1 1 1 1 1 2 2 1 2 1 1 1 1 1 1 2 2 1 1 2 2 2 2 2 2 1 2
32 8 22 0 
2 2 1 1 1 2 1 1 1 1 1 2 2 2 1 2 2 2 2 2 1 1 1 1 1 1 1 2 1 2 1 2 1 1 1 1 1 1 2 2 1 2 1 2 1 1 1 1 2 1 1 1 2 1 1 1 2 2 1 2
168 160 48 1 
2 1 2 2 2 1 2 1 1 1 1 2 1 2 1 2 1 2 1 1 2 2 2 1 1 1 1 1 1 2 1 2 2 1 2 1 1 2 2 1 2 1 1 2 1 1 1 1 2 2 1 1 1 1 1 1 1 2 1 2
71 1 42 1 
2 2 1 1 1 2 2 1 1 1 1 1 2 2 1 2 1 2 1 2 2 1 2 1 1 1 1 2 1 2 1 2 2 1 2 1 2 2 1 1 1 1 1 2 1 1 1 1 2 2 1 1 2 2 2 1 2 1 1 2
289 29 268 1 
1 2 2 1 2 1 2 2 2 2 1 2 2 1 1 1 1 1 2 2 1 2 1 2 1 2 2 2 2 2 1 2 1 1 2 1 1 1 2 2 1 1 2 2 1 1 1 1 2 2 1 1 1 2 1 2 1 1 2 2
116 29 11 0 
2 2 1 2 2 2 1 2 1 2 1 2 2 2 2 1 2 1 2 1 2 2 1 2 2 2 1 2 1 2 1 1 1 2 1 2 2 2 1 1 1 2 2 2 1 1 1 1 2 2 1 1 1 2 2 1 1 1 2 2
134 108 107 1 
1 2 1 1 2 1 2 2 1 1 1 1 2 2 1 2 2 2 2 2 2 1 2 2 1 2 2 1 2 1 2 1 2 2 2 1 2 1 1 2 1 1 2 1 1 2 1 2 2 1 1 2 2 2 1 1 1 1 2 2
234 177 54 0 
2 1 1 2 2 2 1 2 1 1 2 2 2 1 1 1 2 1 2 2 1 2 1 1 2 1 2 1 2 1 1 1 2 1 1 2 2 1 2 1 2 2 1 2 1 1 1 1 2 2 1 1 2 2 1 1 1 2 2 2
263 61 109 0 
2 2 1 1 2 1 1 2 1 1 1 1 1 2 1 1 1 2 2 2 1 2 1 2 1 1 2 2 2 2 2 2 1 1 2 1 1 1 2 2 1 1 2 2 1 1 1 1 2 2 1 1 2 2 2 2 2 2 2 2
147 83 22 0 
2 2 1 2 1 1 2 2 2 2 2 1 2 2 1 2 1 2 1 2 2 1 2 1 2 1 1 2 2 2 1 2 1 1 2 1 1 1 2 1 1 2 1 1 1 1 1 1 2 2 1 1 2 1 2 1 1 2 2 2
157 104 66 0 
2 2 1 1 1 1 1 2 2 1 2 1 2 1 2 1 2 1 2 1 2 2 1 1 2 2 1 1 1 2 2 2 1 1 1 1 1 2 2 2 1 2 2 1 1 1 1 1 2 2 2 1 2 2 2 2 2 2 2 2
123 74 91 1 
1 2 2 2 2 2 2 2 2 1 1 1 2 2 1 2 2 2 2 2 2 1 2 1 1 2 2 1 1 2 1 2 1 1 1 1 1 2 2 1 1 2 2 2 1 1 1 1 2 2 1 1 2 2 1 1 2 1 2 2
295 160 250 1 
2 1 1 2 1 2 2 1 1 1 1 2 2 2 2 2 2 2 2 2 2 2 2 2 1 1 1 2 1 1 1 2 2 1 2 1 1 1 2 2 2 2 1 1 2 2 1 1 2 1 2 1 2 1 2 1 1 2 1 1
298 104 86 0 
2 2 1 1 2 2 1 1 1 1 2 2 1 2 1 2 1 2 1 2 2 1 1 1 2 1 1 1 2 2 2 2 1 1 1 1 1 2 2 2 2 2 1 1 1 1 1 1 2 2 1 1 1 2 2 2 1 2 2 2
19 1 2 0 
2 1 2 2 2 2 2 1 1 1 2 1 1 2 1 2 1 2 1 2 2 2 2 2 1 1 1 2 1 2 1 2 2 1 2 1 1 1 2 1 2 2 1 2 1 1 1 1 2 2 1 2 2 2 2 1 2 1 1 2
36 10 13 1 
2 2 1 2 1 2 2 1 1 1 1 1 1 2 1 1 1 2 1 2 1 2 1 2 1 1 2 1 2 1 2 1 1 1 1 1 1 2 2 1 1 1 2 1 1 1 1 1 2 2 2 2 2 2 2 1 2 1 2 2
56 33 15 0 
1 2 2 1 2 1 2 2 2 1 1 2 2 2 2 1 2 2 2 2 1 2 1 2 1 1 2 1 2 1 2 1 2 1 2 1 2 1 1 2 1 1 2 2 1 1 1 1 2 2 1 1 2 2 1 1 1 1 1 2
202 158 25 0 
1 2 1 2 2 1 1 1 1 1 1 2 2 2 2 1 2 2 2 2 2 1 2 1 1 1 2 1 2 1 2 1 1 1 1 2 1 1 2 2 2 2 1 1 1 1 1 1 2 2 2 1 2 2 1 2 1 2 2 2
214 161 130 0 
2 2 1 2 1 1 2 2 1 2 1 1 2 2 1 1 1 2 1 2 1 2 1 1 1 1 2 1 1 2 1 2 2 1 2 1 1 1 2 1 2 1 2 2 1 1 1 1 2 2 1 1 2 2 1 1 2 2 2 2
224 216 141 0 
2 2 1 1 1 2 2 1 1 2 2 1 2 2 1 2 2 2 2 2 2 1 2 1 2 2 1 2 1 2 1 2 1 1 2 1 2 1 1 2 2 1 1 2 2 1 1 1 2 1 1 1 1 2 1 1 1 2 2 2
164 123 42 0 
2 1 2 2 2 1 2 2 1 2 1 1 2 2 1 2 2 2 2 2 1 1 1 1 2 1 1 2 2 2 2 2 1 1 1 1 1 2 2 2 1 1 2 1 1 1 1 1 2 2 1 1 2 2 1 1 1 1 2 2
260 75 215 1 
1 1 1 1 2 2 1 1 1 2 1 2 2 2 2 2 2 2 1 2 2 2 2 2 2 2 1 2 2 2 2 2 1 1 1 1 2 2 2 2 1 2 1 1 1 1 1 1 2 2 1 1 2 2 1 2 1 1 2 2
218 16 9 1 
2 2 2 2 2 2 1 2 2 2 2 1 1 2 1 2 2 2 2 2 2 2 2 2 1 2 2 1 2 2 2 2 1 1 1 1 1 1 2 2 1 1 1 1 1 2 1 2 2 1 1 1 2 2 1 1 1 2 2 2
159 89 99 1 
2 2 1 2 2 2 2 2 1 2 2 1 1 2 1 1 2 1 2 2 1 2 1 2 1 2 1 2 2 2 2 2 1 1 2 2 1 2 2 2 1 1 1 2 1 1 1 2 2 2 1 1 2 2 2 2 1 2 2 1
117 97 81 1 
1 2 2 2 2 1 1 1 1 1 1 2 2 2 2 1 2 2 2 2 1 1 1 2 1 2 2 1 2 1 1 2 1 1 1 1 1 1 2 2 1 1 2 1 1 1 1 1 2 2 1 2 2 2 1 1 2 1 2 2
302 200 98 0 
2 2 2 1 2 2 2 1 2 1 2 2 1 2 1 2 1 2 1 2 2 2 1 2 1 1 1 1 1 1 1 1 1 1 1 2 2 1 1 2 2 1 2 1 1 1 1 1 2 2 1 1 2 2 1 2 1 2 2 2
292 105 271 0 
2 2 2 1 2 1 2 2 2 1 1 1 2 2 1 2 1 2 1 1 2 2 1 2 1 1 2 1 2 2 2 1 1 1 1 2 2 1 1 2 1 1 2 1 1 1 1 1 2 2 1 2 2 2 1 1 2 1 1 2
69 47 46 1 
2 2 1 2 2 2 1 1 1 1 1 1 1 2 1 2 1 2 1 2 1 2 1 2 1 2 1 1 2 2 1 1 1 1 2 2 1 1 2 2 1 2 2 2 1 1 1 1 2 2 2 1 2 2 2 1 1 1 2 2
100 50 68 0 
1 2 2 2 2 2 2 2 1 2 1 2 2 1 1 1 1 1 2 1 1 2 1 1 1 1 1 1 1 1 1 1 1 1 1 1 1 1 1 2 2 1 1 1 1 1 1 1 2 2 1 1 2 2 1 1 2 1 2 2
78 3 43 0 
1 2 2 1 1 1 2 2 2 1 1 1 2 2 2 1 1 1 2 1 1 2 1 2 1 2 2 1 2 1 2 1 1 2 1 2 2 1 2 2 2 2 2 1 1 1 1 1 1 2 1 1 1 2 2 1 2 1 1 2
38 6 7 0 
2 2 1 1 2 2 1 1 1 1 1 1 1 2 1 2 1 2 1 2 2 1 1 1 2 1 2 2 1 2 1 2 1 1 2 1 1 1 2 2 2 1 1 2 1 1 1 1 2 2 1 1 2 2 2 2 1 2 2 2
209 72 4 1 
1 2 1 2 1 2 1 2 1 2 2 1 2 2 2 2 1 2 1 2 1 2 1 2 1 2 2 1 2 1 1 1 1 2 1 1 1 1 2 2 2 1 1 2 1 1 1 1 2 2 1 1 1 2 2 1 2 1 1 2
145 117 56 1 
1 2 2 1 1 2 1 2 1 2 2 1 2 2 2 1 2 2 2 2 1 1 1 1 1 1 2 2 2 2 1 2 1 2 1 2 1 2 2 1 1 1 2 2 1 1 1 1 2 2 2 1 2 2 1 1 1 1 2 1
33 3 11 1 
1 2 2 2 1 2 2 2 2 2 1 1 2 2 1 2 1 2 2 2 1 2 1 2 1 2 2 2 2 2 2 2 1 2 1 2 2 2 1 1 2 1 2 2 1 1 1 1 1 2 1 1 1 2 1 1 2 1 2 1
24 6 2 1 
2 2 2 1 2 2 2 1 1 1 1 1 1 2 2 1 2 2 2 2 2 2 1 2 2 2 1 1 1 2 1 2 1 1 2 1 1 1 2 1 2 1 1 2 1 1 1 1 2 2 1 1 2 2 2 1 1 1 2 2
301 223 222 1 
2 2 2 1 1 2 2 1 1 1 1 1 1 1 1 2 1 2 2 2 2 2 2 2 2 1 1 1 1 2 2 1 1 1 1 1 1 1 2 2 2 2 1 1 1 1 1 1 2 1 1 1 2 2 1 1 1 2 2 1
47 36 25 1 
2 2 2 1 2 2 1 1 1 1 1 2 1 2 1 1 1 1 1 1 1 2 1 1 1 1 1 2 2 2 2 1 1 1 1 2 1 1 2 2 1 1 2 1 1 1 1 1 2 2 2 2 2 2 2 2 1 1 2 2
205 151 23 1 
1 1 1 1 2 2 1 1 2 1 2 1 1 2 1 2 1 1 2 2 1 1 1 1 1 1 1 1 1 2 1 2 1 1 1 1 1 1 2 2 1 2 1 2 1 1 1 1 2 2 1 2 2 1 2 1 1 2 2 1
70 29 23 1 
2 1 1 1 2 2 1 1 1 1 1 1 2 2 2 2 2 2 2 2 1 1 1 1 1 1 2 1 2 2 1 2 1 1 1 1 2 1 1 2 1 1 1 2 1 1 1 1 2 2 1 2 1 2 1 2 1 2 2 1
292 105 271 0 
2 2 2 1 2 1 2 2 2 1 1 1 2 2 1 2 1 2 1 1 2 2 1 2 1 1 2 1 2 2 2 1 1 1 1 2 2 1 1 2 1 1 2 1 1 1 1 1 2 2 1 2 2 2 1 1 2 1 1 2
273 89 94 0 
2 1 2 2 2 2 2 2 1 1 2 1 1 1 1 1 2 1 2 1 1 1 1 2 2 1 1 1 1 1 1 1 1 1 1 1 1 1 2 2 1 1 1 1 1 1 1 1 2 2 1 2 2 2 2 1 1 1 2 2
208 161 171 0 
2 2 1 1 1 2 2 2 1 1 1 2 2 2 2 1 1 2 2 2 1 1 1 2 1 2 2 1 2 1 2 2 1 1 1 1 1 1 2 2 2 1 2 2 1 1 1 1 2 1 1 1 2 2 1 2 2 2 2 1
83 27 11 1 
2 2 1 1 1 2 2 2 1 2 1 2 2 2 1 1 2 1 2 1 1 2 2 2 2 1 1 2 2 1 1 1 1 2 2 2 1 2 2 1 1 2 1 1 1 1 1 1 2 2 1 1 2 2 2 1 2 1 1 2
276 219 173 0 
2 2 1 1 2 2 1 1 1 1 1 1 1 2 1 1 1 1 1 1 2 1 1 1 1 2 1 1 2 1 2 1 1 1 1 1 1 1 2 2 1 1 2 2 1 1 1 1 2 2 2 1 2 2 2 2 1 2 2 2
176 28 102 0 
2 1 2 1 2 1 2 1 1 1 1 2 2 1 2 2 1 1 2 2 1 2 1 2 2 2 1 1 1 1 1 1 1 1 2 1 1 1 2 1 1 1 2 2 1 1 1 1 2 2 1 1 2 2 1 2 1 2 2 1
48 41 15 0 
1 2 2 1 1 1 1 1 1 1 2 2 2 2 2 2 2 2 2 1 1 2 1 1 1 1 1 1 2 2 2 2 1 1 1 1 2 1 1 2 1 1 2 2 1 1 1 1 2 2 1 1 1 2 1 1 2 1 2 2
30 8 4 1 
2 2 1 1 2 1 1 2 1 2 1 1 2 2 1 2 1 2 1 2 2 2 2 2 1 2 1 1 1 1 1 2 2 1 1 1 1 1 2 2 1 1 2 1 1 1 1 1 2 2 1 1 2 2 1 2 2 2 1 2
278 261 186 1 
2 1 2 2 1 2 1 1 1 1 1 1 2 2 1 2 2 2 2 2 1 2 2 2 1 1 2 2 1 2 1 1 2 1 1 1 1 1 2 1 1 2 2 1 1 1 1 1 2 2 1 1 2 2 2 2 2 2 2 1
5 1 2 1 
2 2 1 1 1 2 2 1 1 1 1 1 1 2 1 2 1 2 1 2 2 2 1 2 2 2 2 1 1 2 1 2 1 1 2 1 2 1 2 2 2 1 1 2 1 1 1 1 2 2 1 1 2 2 2 2 2 2 1 2
133 57 20 0 
1 1 1 1 2 1 2 2 1 1 1 1 2 2 2 1 2 1 2 1 2 2 2 1 1 2 2 2 2 1 2 2 1 1 1 1 1 1 2 2 2 1 1 1 2 1 2 1 1 2 1 1 1 2 2 1 1 1 2 2
201 61 37 1 
2 2 1 2 2 2 1 2 1 2 1 2 1 2 1 1 1 2 1 2 1 2 1 2 1 1 2 2 2 2 2 2 1 1 2 1 1 1 2 2 2 1 2 1 1 1 1 1 1 2 1 2 1 2 2 1 2 1 2 2
158 70 43 1 
1 2 1 2 2 1 1 2 1 1 1 1 2 1 2 1 2 1 2 1 1 2 1 2 1 1 2 1 2 1 2 1 1 2 1 2 1 1 2 2 1 2 1 1 1 1 1 1 2 2 2 2 2 2 2 1 1 1 2 2
301 223 222 1 
2 2 2 1 1 2 2 1 1 1 1 1 1 1 1 2 1 2 2 2 2 2 2 2 2 1 1 1 1 2 2 1 1 1 1 1 1 1 2 2 2 2 1 1 1 1 1 1 2 1 1 1 2 2 1 1 1 2 2 1
114 50 98 0 
1 2 2 2 2 2 1 2 1 1 1 2 2 2 1 2 1 2 2 2 2 2 1 1 1 1 1 1 1 1 1 1 1 1 1 1 1 1 2 1 2 2 1 2 1 1 1 1 2 2 1 1 1 2 2 2 2 1 2 2
19 1 2 0 
2 1 2 2 2 2 2 1 1 1 2 1 1 2 1 2 1 2 1 2 2 2 2 2 1 1 1 2 1 2 1 2 2 1 2 1 1 1 2 1 2 2 1 2 1 1 1 1 2 2 1 2 2 2 2 1 2 1 1 2
297 167 171 0 
2 2 1 1 2 2 1 2 1 1 1 2 1 2 1 1 2 1 2 2 2 2 2 2 2 2 1 1 1 1 1 2 1 1 2 1 1 1 2 2 2 1 1 2 1 1 1 1 2 2 1 1 2 2 2 2 1 1 2 2
161 34 20 1 
2 2 1 1 2 1 2 2 1 1 2 1 2 2 2 1 1 1 2 1 1 1 1 1 1 1 2 2 2 1 2 1 1 2 1 2 1 1 1 2 1 2 2 2 1 1 1 1 2 2 1 1 2 2 1 1 2 2 2 2
14 3 2 0 
2 1 1 2 2 2 2 1 2 1 1 1 2 2 1 1 1 2 2 2 1 1 1 1 1 1 2 2 2 2 2 2 1 1 1 1 2 1 1 2 1 1 1 2 2 1 2 1 1 2 1 1 1 2 2 2 2 2 2 2
79 6 31 1 
2 1 1 2 2 2 1 1 1 1 1 1 2 1 2 1 1 1 1 1 2 2 1 2 2 1 2 1 1 1 2 1 1 1 1 1 1 2 2 1 1 2 2 2 1 1 1 1 2 1 1 1 2 2 2 2 1 2 2 2
269 33 147 0 
2 2 2 2 2 1 2 2 2 2 1 1 2 2 1 1 1 1 2 1 2 1 2 1 2 1 2 2 2 2 2 1 1 1 1 2 2 1 1 2 2 1 2 1 1 1 1 1 1 2 1 1 2 1 1 1 1 2 1 2
7 3 2 0 
1 2 2 1 1 2 2 1 2 1 1 1 2 2 2 1 2 2 2 2 1 2 1 2 1 1 2 2 2 2 2 2 1 1 1 1 1 1 1 2 1 1 1 2 2 1 2 1 1 2 1 1 1 2 1 2 2 2 2 2
235 27 77 0 
2 2 1 1 2 2 2 1 1 1 1 2 2 1 2 1 2 1 2 2 1 2 1 2 1 2 2 1 2 2 2 1 1 1 2 2 2 2 2 2 1 1 1 1 1 1 1 1 2 2 1 1 2 2 2 2 2 2 2 2
225 223 144 1 
2 2 1 1 1 2 2 1 1 1 1 1 2 2 1 1 1 1 2 1 2 2 2 2 1 1 2 2 2 1 1 1 1 2 2 2 1 1 2 2 1 2 2 1 1 1 1 1 1 2 1 1 2 2 2 2 2 2 1 2
65 5 7 1 
2 2 1 2 1 1 2 2 1 2 1 1 1 2 1 2 1 2 1 2 2 1 2 1 2 1 1 2 1 2 2 2 1 1 1 1 1 1 2 2 1 1 2 2 1 1 1 1 2 2 1 1 2 2 2 2 2 2 1 2
22 3 2 0 
1 2 2 1 1 2 2 1 2 1 1 2 2 2 2 2 2 2 2 2 1 1 1 1 1 1 2 2 2 2 2 2 1 1 1 1 1 1 2 1 2 2 2 1 1 1 1 1 1 2 1 2 1 2 1 2 2 2 2 2
115 53 7 1 
2 2 1 1 2 2 1 1 1 1 1 1 1 2 1 1 2 2 2 2 2 2 1 2 2 1 1 2 1 2 1 2 1 1 2 1 1 1 2 2 2 1 1 1 1 2 1 2 2 2 1 1 1 2 1 2 2 2 2 2
262 67 196 0 
1 2 2 1 1 1 2 2 2 2 2 2 2 2 1 2 2 1 2 2 1 2 1 2 1 1 2 2 2 2 1 2 1 1 1 1 1 1 2 1 1 1 1 2 2 1 1 1 2 2 2 2 2 2 2 1 2 2 2 2
15 1 2 0 
2 2 1 1 1 2 2 1 1 1 1 2 2 2 1 2 1 2 1 2 2 2 1 2 1 1 1 2 1 2 1 2 1 1 2 1 1 1 2 2 1 1 1 2 1 1 1 1 2 2 1 1 2 2 2 1 2 1 2 2
66 5 22 0 
2 2 1 1 1 2 2 1 1 1 1 2 1 2 1 2 1 2 1 2 2 1 1 1 2 1 1 2 2 2 2 2 1 1 1 1 2 1 2 1 2 2 1 1 1 1 1 1 2 2 1 2 2 2 2 1 2 2 2 2
192 111 11 0 
2 2 1 1 2 2 1 1 1 1 1 2 1 2 1 1 2 1 2 1 1 2 1 2 1 1 2 2 2 1 1 1 1 2 1 2 1 2 2 1 2 2 2 1 1 1 1 1 1 2 1 1 1 2 1 1 1 1 2 2
170 18 126 1 
1 2 2 1 1 2 1 2 1 1 2 2 2 1 1 1 1 2 2 2 1 2 1 2 1 1 2 2 2 1 2 1 1 2 1 2 1 1 2 1 1 2 1 2 2 1 2 1 1 2 1 1 2 2 1 2 1 1 2 1
199 108 171 1 
1 2 1 1 1 2 2 1 1 1 1 1 1 1 1 1 1 1 1 2 2 2 2 2 2 2 1 1 1 1 2 2 2 1 2 1 1 1 2 2 1 1 2 2 1 1 1 1 2 2 1 1 2 2 1 2 1 1 2 2
297 167 171 0 
2 2 1 1 2 2 1 2 1 1 1 2 1 2 1 1 2 1 2 2 2 2 2 2 2 2 1 1 1 1 1 2 1 1 2 1 1 1 2 2 2 1 1 2 1 1 1 1 2 2 1 1 2 2 2 2 1 1 2 2
186 87 155 0 
1 2 2 1 2 2 1 2 1 1 1 1 2 2 2 1 2 2 2 1 2 2 2 1 1 1 2 2 1 2 1 1 1 1 1 2 1 1 1 2 2 1 1 1 1 2 1 2 2 1 1 1 2 2 2 2 2 2 1 2
209 72 4 1 
1 2 1 2 1 2 1 2 1 2 2 1 2 2 2 2 1 2 1 2 1 2 1 2 1 2 2 1 2 1 1 1 1 2 1 1 1 1 2 2 2 1 1 2 1 1 1 1 2 2 1 1 1 2 2 1 2 1 1 2
167 1 125 1 
2 2 2 1 2 2 2 1 2 1 2 1 1 1 1 1 1 2 1 2 2 2 2 2 1 2 1 1 1 1 1 1 1 1 2 2 1 2 2 1 2 2 1 2 1 1 1 1 2 2 1 1 2 2 1 2 1 1 2 2
188 104 99 0 
2 1 1 2 1 2 1 2 2 1 2 1 2 2 2 2 2 2 2 2 2 2 1 2 2 2 1 2 1 2 2 2 1 1 1 1 1 2 1 2 2 1 1 1 1 2 1 2 1 2 1 1 1 2 1 2 2 2 2 2
119 87 55 1 
1 2 2 1 2 2 1 1 1 1 1 1 1 1 2 1 2 1 2 2 2 2 2 2 1 2 1 1 2 2 1 2 1 2 2 2 1 2 1 2 1 2 1 1 2 1 1 1 1 2 1 1 2 2 2 1 2 1 1 2
200 167 100 1 
2 2 2 2 2 2 2 2 2 2 1 2 1 1 1 1 2 1 2 1 2 2 2 1 2 1 1 1 1 1 1 1 1 1 2 1 2 1 1 2 2 1 2 1 1 1 1 1 2 2 1 1 2 2 1 1 1 2 2 2
221 8 86 1 
2 2 1 1 1 2 1 2 1 2 1 2 2 2 1 2 1 2 1 2 2 1 2 1 1 1 1 1 1 2 1 2 1 1 1 1 1 2 2 2 1 2 1 2 1 1 1 1 2 1 1 1 2 1 1 1 1 2 2 2
270 172 23 0 
2 1 1 1 1 2 1 1 1 1 2 1 2 2 2 2 2 2 2 2 2 2 2 1 1 1 2 2 2 2 2 2 1 1 1 1 2 1 1 2 1 1 1 2 1 1 2 1 1 1 1 1 2 1 1 1 1 2 2 1
229 223 176 0 
2 2 2 1 2 1 2 1 1 1 1 1 2 2 1 2 1 1 2 2 2 2 2 2 1 2 1 1 2 1 1 1 1 1 2 1 1 1 2 2 1 1 2 2 1 1 1 1 1 2 1 1 2 2 1 2 1 1 1 1
63 6 37 0 
2 2 2 2 2 2 1 2 1 2 1 2 2 1 1 1 1 2 1 2 2 1 1 1 2 1 1 2 1 1 1 1 1 1 2 1 1 1 2 2 1 1 1 2 1 1 1 1 2 2 1 2 2 2 2 1 1 1 2 2
284 168 46 1 
1 2 2 1 1 2 1 2 1 1 2 1 2 2 2 1 2 1 1 2 2 1 1 1 1 1 1 2 2 2 1 1 2 1 2 2 1 1 1 2 1 1 2 2 1 1 1 1 2 2 1 1 1 2 1 2 1 1 1 2
31 10 21 0 
1 1 2 2 1 2 1 2 1 2 1 1 1 2 1 1 1 1 1 2 2 1 2 1 1 1 1 2 1 2 1 2 1 1 2 1 1 2 2 1 2 1 1 2 1 1 1 1 2 1 1 1 2 2 2 2 2 2 2 2
117 97 81 1 
1 2 2 2 2 1 1 1 1 1 1 2 2 2 2 1 2 2 2 2 1 1 1 2 1 2 2 1 2 1 1 2 1 1 1 1 1 1 2 2 1 1 2 1 1 1 1 1 2 2 1 2 2 2 1 1 2 1 2 2
198 154 120 1 
2 2 1 1 2 1 1 2 1 1 2 1 2 2 1 1 2 2 2 2 1 1 1 2 1 2 2 1 2 1 1 1 1 1 1 1 1 1 2 2 1 1 2 2 1 1 1 1 2 2 1 2 2 2 2 2 2 1 1 2
132 96 38 0 
2 2 2 1 2 2 1 1 1 1 1 1 1 1 1 1 1 1 1 1 2 2 1 1 1 1 1 2 1 1 1 2 2 1 2 1 2 1 2 2 2 1 1 2 1 1 1 1 2 2 1 1 2 2 2 2 1 1 2 2
92 79 76 1 
2 2 1 2 2 2 1 1 1 1 1 1 2 1 2 1 1 2 1 2 2 1 1 2 2 1 2 1 1 2 1 2 1 1 1 1 2 1 1 2 2 1 2 2 1 1 1 1 2 2 1 2 2 2 2 1 1 1 2 2
67 40 37 1 
1 1 2 2 1 1 2 2 2 2 1 2 2 2 1 1 2 2 2 2 1 2 1 2 1 1 2 2 2 2 2 1 1 1 1 1 2 1 1 2 1 1 1 1 2 1 1 1 2 2 1 2 2 2 2 1 2 1 2 2
68 6 63 0 
2 2 2 2 2 2 2 2 1 2 1 2 1 1 1 1 2 1 2 1 2 2 1 1 2 1 1 1 2 1 1 1 1 1 2 1 1 1 2 2 1 1 1 1 1 1 1 1 2 2 1 1 2 2 1 2 1 1 2 2
111 93 32 1 
1 2 2 1 1 2 2 1 1 1 1 1 1 2 1 1 1 2 2 2 2 1 1 1 1 1 2 1 2 1 2 1 1 1 1 1 1 1 2 2 1 2 1 2 1 1 1 1 2 1 1 1 2 1 2 1 1 2 2 1
131 29 116 1 
1 2 2 1 2 2 2 1 2 1 1 1 2 2 1 1 1 1 2 1 2 2 1 2 2 2 1 2 1 2 1 1 1 2 1 2 1 2 2 1 2 2 1 2 1 1 1 1 2 2 1 1 2 2 2 1 1 1 2 2
194 26 19 0 
2 2 1 2 2 2 2 2 1 1 1 1 2 2 1 2 2 1 2 1 2 2 2 2 1 1 2 1 1 2 1 2 1 1 1 1 1 1 2 2 1 2 1 2 2 1 2 1 1 2 1 2 1 2 1 1 2 1 2 1
9 3 2 0 
1 2 2 1 2 1 2 1 2 1 1 1 2 2 2 1 2 2 2 2 1 2 1 2 1 2 2 1 2 2 2 2 1 1 1 1 2 1 1 2 1 1 1 2 2 1 2 1 1 2 1 1 1 2 1 1 2 1 2 2
23 3 2 0 
1 1 1 1 2 2 2 1 2 1 1 1 2 2 2 2 1 2 2 2 1 2 1 1 1 1 2 1 2 2 2 2 1 1 1 1 1 1 2 2 2 1 2 2 1 1 1 1 1 2 1 2 1 2 1 2 2 1 1 2
92 79 76 1 
2 2 1 2 2 2 1 1 1 1 1 1 2 1 2 1 1 2 1 2 2 1 1 2 2 1 2 1 1 2 1 2 1 1 1 1 2 1 1 2 2 1 2 2 1 1 1 1 2 2 1 2 2 2 2 1 1 1 2 2
127 26 76 1 
2 2 1 1 2 2 2 1 1 2 1 1 2 1 1 1 2 2 2 2 2 1 2 2 2 1 2 1 2 2 2 2 1 1 1 1 1 1 1 2 1 1 1 2 2 1 2 1 1 2 1 2 1 2 1 1 2 1 2 2
120 80 81 0 
2 2 1 2 1 1 2 2 1 1 1 1 2 2 2 1 2 2 2 2 1 1 1 2 1 2 1 1 1 1 1 1 1 2 1 2 1 2 2 2 1 1 2 2 1 1 1 1 2 2 1 2 2 2 2 1 2 1 2 2
118 69 64 0 
2 2 1 2 2 2 1 1 1 1 1 1 1 1 1 1 2 1 2 1 1 1 1 1 2 2 1 1 2 1 1 1 1 1 2 1 1 1 2 2 1 1 2 2 1 1 1 1 2 2 1 2 2 2 1 1 1 1 2 2
214 161 130 0 
2 2 1 2 1 1 2 2 1 2 1 1 2 2 1 1 1 2 1 2 1 2 1 1 1 1 2 1 1 2 1 2 2 1 2 1 1 1 2 1 2 1 2 2 1 1 1 1 2 2 1 1 2 2 1 1 2 2 2 2
246 105 42 1 
2 2 2 1 1 2 2 1 1 1 1 1 2 2 1 2 1 2 1 2 2 1 1 1 1 1 2 2 2 2 2 2 1 1 1 1 1 1 2 2 1 1 2 1 1 1 1 1 2 2 1 1 2 2 1 1 2 1 2 2
244 134 166 0 
1 2 1 2 2 1 2 2 1 1 1 1 2 2 2 1 2 1 2 1 1 2 2 1 1 2 2 1 2 1 1 1 2 2 1 2 1 2 2 2 1 2 1 1 2 1 2 1 1 1 2 1 2 1 1 1 1 2 2 1
77 39 55 0 
2 2 1 1 2 2 1 1 1 1 2 1 2 1 2 1 2 1 2 2 2 2 2 2 1 2 1 1 1 2 2 1 1 2 2 2 1 2 2 2 1 1 1 1 1 1 1 1 2 2 1 2 2 2 2 2 2 2 2 1
134 108 107 1 
1 2 1 1 2 1 2 2 1 1 1 1 2 2 1 2 2 2 2 2 2 1 2 2 1 2 2 1 2 1 2 1 2 2 2 1 2 1 1 2 1 1 2 1 1 2 1 2 2 1 1 2 2 2 1 1 1 1 2 2
84 1 4 0 
2 2 2 1 2 1 2 2 1 2 1 1 2 1 1 1 1 1 1 1 2 2 1 1 2 2 2 2 1 1 1 1 1 2 2 2 2 2 1 1 1 2 1 1 1 1 1 1 2 2 1 1 2 2 1 1 1 1 2 2
1 0 0 1 
2 2 1 2 1 2 2 2 1 2 1 2 2 1 1 1 1 1 1 1 2 2 2 1 1 2 1 2 1 1 1 1 2 1 2 2 2 1 1 2 1 2 1 1 1 1 1 1 2 2 1 1 2 2 1 2 1 2 2 1
94 36 19 0 
2 1 2 2 2 2 2 1 1 1 1 1 1 2 1 2 1 2 1 2 1 2 2 2 1 1 1 1 1 1 1 1 1 2 1 2 2 1 1 2 1 2 1 1 1 1 1 1 2 2 2 2 2 2 1 2 1 1 2 2
112 93 94 0 
1 2 2 2 1 2 1 2 1 1 2 1 2 1 1 1 2 1 2 2 2 2 1 2 1 1 2 1 2 1 2 1 1 1 2 1 1 2 2 1 1 1 1 1 1 1 1 1 2 2 2 2 2 2 1 1 2 1 2 2
12 1 2 0 
2 1 2 2 2 2 2 1 1 1 1 1 2 2 1 2 1 2 1 2 2 2 2 2 1 2 1 2 1 2 1 2 1 1 2 1 1 1 1 2 2 2 1 1 1 1 1 1 2 2 1 2 2 2 1 1 1 1 2 2
41 18 7 1 
1 1 2 2 1 1 1 2 1 2 2 1 2 2 2 2 2 2 2 2 1 2 1 2 1 1 1 2 2 2 2 2 1 1 1 1 2 1 2 1 1 1 2 1 1 2 1 2 2 2 1 1 1 1 2 1 1 2 2 2
141 34 42 0 
2 2 1 1 2 2 1 2 2 2 1 1 2 2 1 2 1 2 2 2 1 2 1 1 1 2 2 1 2 2 2 2 1 1 1 1 1 1 1 2 2 1 2 2 1 1 1 1 1 2 1 1 1 2 1 1 2 1 2 2
13 1 2 0 
2 2 2 1 2 2 2 1 2 1 2 1 1 2 1 1 1 2 1 2 2 2 2 2 1 2 1 1 1 2 1 2 1 1 2 1 2 1 1 2 1 1 1 1 1 1 1 1 2 2 1 2 2 2 1 2 1 1 2 2
17 1 2 0 
2 1 2 2 1 1 2 1 2 1 2 2 1 2 1 1 1 2 1 2 2 1 1 2 2 2 2 1 1 2 1 2 2 1 2 1 2 1 2 1 2 2 1 1 1 1 1 1 2 2 1 2 2 2 1 1 1 1 2 2
125 6 4 0 
2 2 1 1 2 1 1 1 1 1 1 1 1 1 1 1 2 2 2 2 2 2 1 2 2 2 2 1 1 1 1 1 1 2 2 2 1 2 2 1 2 2 1 2 1 1 1 1 2 2 1 1 2 2 2 2 1 2 2 1
106 61 19 0 
2 2 1 2 2 2 2 2 2 1 1 1 2 2 1 2 1 2 2 2 1 2 1 2 1 1 2 1 2 1 2 1 1 2 2 2 1 1 2 1 1 2 2 2 1 1 1 1 2 2 1 1 2 2 2 1 2 1 1 1
16 1 2 1 
2 2 2 1 2 2 2 1 2 1 2 1 1 2 1 1 1 2 1 2 2 2 1 2 2 1 2 2 1 2 1 2 1 1 2 1 1 1 1 2 1 1 1 1 1 1 1 1 2 2 1 2 2 2 2 1 2 1 1 2
211 184 203 1 
2 2 1 1 2 1 2 2 2 1 2 2 2 2 1 2 1 1 2 2 1 1 2 1 1 2 1 2 1 2 1 2 1 2 1 2 2 1 1 2 2 1 2 2 1 1 1 1 2 2 2 1 2 2 1 2 1 2 2 2
274 47 14 1 
2 1 1 2 2 2 1 1 1 1 1 1 1 2 1 1 1 2 1 2 1 1 1 1 1 1 2 2 2 2 1 2 1 1 1 1 1 2 2 1 1 1 2 1 1 2 1 2 2 1 2 1 2 1 2 2 1 2 2 2
241 217 155 0 
2 2 1 1 1 2 2 2 1 1 2 1 2 2 2 1 2 2 2 2 2 1 1 1 1 2 1 1 1 2 1 1 1 1 1 2 1 1 2 2 1 1 1 1 1 2 1 2 2 1 1 1 2 2 1 2 1 2 1 1
219 69 122 1 
2 2 1 1 2 2 1 1 1 1 1 2 1 2 1 2 1 2 1 2 2 1 2 1 2 1 1 1 2 2 1 2 1 1 2 1 1 1 2 2 1 1 2 2 1 1 1 1 2 2 2 2 2 2 2 2 1 2 2 2
126 83 98 0 
2 2 1 2 2 2 2 2 2 1 2 2 2 1 1 1 1 2 1 2 2 2 2 1 1 1 2 1 1 1 1 1 2 1 2 2 2 1 1 1 2 2 1 2 1 1 1 1 2 2 1 1 2 2 1 2 1 1 2 1
239 67 130 0 
1 2 2 2 1 1 2 2 2 2 2 2 2 1 1 1 2 1 2 2 2 2 2 1 1 1 2 1 2 2 2 2 1 1 1 1 2 2 1 2 1 1 1 2 1 1 1 1 2 2 2 1 2 2 1 1 2 2 2 2
49 39 14 1 
2 2 2 2 1 2 2 1 1 1 1 1 1 2 1 1 1 2 1 2 2 1 2 1 1 1 1 2 1 2 2 2 1 1 1 1 1 1 2 2 2 1 1 2 1 1 1 1 2 2 1 1 2 2 2 2 2 2 2 2
222 87 163 0 
2 2 1 1 2 2 1 1 1 1 1 1 1 2 2 2 2 2 2 2 2 2 2 2 1 1 1 1 2 2 1 1 1 1 1 1 1 1 1 2 2 2 1 1 2 1 1 1 1 1 1 1 2 2 2 1 2 2 1 1
257 113 124 0 
1 1 2 2 1 2 2 2 2 1 1 1 2 1 2 1 1 1 2 2 2 2 2 1 2 2 2 1 1 2 2 2 1 1 1 2 2 1 2 2 2 2 2 1 1 1 1 1 1 2 1 1 2 2 2 2 1 2 2 1
156 10 122 1 
2 1 2 1 1 2 2 1 1 1 2 1 1 2 1 2 1 1 1 2 2 1 2 1 1 1 2 1 2 2 2 2 1 1 1 1 1 1 2 2 1 1 2 2 1 1 1 1 2 2 2 2 2 2 2 1 1 1 2 2
96 47 55 1 
2 2 2 1 2 1 1 1 1 1 1 1 1 2 1 1 1 1 1 2 2 2 1 2 1 1 1 1 2 1 2 1 1 2 2 2 1 2 2 2 1 2 1 1 1 1 1 1 2 2 2 1 2 2 2 2 1 1 2 2
75 8 42 1 
2 1 1 1 2 2 1 1 1 1 1 1 2 2 1 2 1 2 1 2 2 2 2 1 1 2 2 1 1 2 1 2 2 1 2 1 2 2 1 2 1 1 2 1 1 1 1 1 2 2 1 1 2 2 1 1 2 1 1 2
114 50 98 0 
1 2 2 2 2 2 1 2 1 1 1 2 2 2 1 2 1 2 2 2 2 2 1 1 1 1 1 1 1 1 1 1 1 1 1 1 1 1 2 1 2 2 1 2 1 1 1 1 2 2 1 1 1 2 2 2 2 1 2 2
257 113 124 0 
1 1 2 2 1 2 2 2 2 1 1 1 2 1 2 1 1 1 2 2 2 2 2 1 2 2 2 1 1 2 2 2 1 1 1 2 2 1 2 2 2 2 2 1 1 1 1 1 1 2 1 1 2 2 2 2 1 2 2 1
249 103 214 0 
2 2 2 2 2 1 1 2 1 2 1 1 1 2 2 1 2 2 2 1 1 2 1 1 2 1 2 1 2 2 1 2 1 1 2 2 1 1 2 1 2 1 2 2 1 1 1 1 2 2 1 1 2 2 1 1 2 2 1 2
185 182 14 0 
1 2 1 1 2 2 2 1 2 1 1 1 2 2 2 1 2 2 2 2 1 1 1 1 1 1 2 2 2 2 2 2 1 1 1 1 1 1 1 2 1 1 1 2 2 1 2 1 1 2 1 1 1 2 2 2 2 2 2 2
259 243 42 0 
2 2 1 1 2 2 2 2 1 2 2 1 2 2 1 2 1 2 1 2 2 1 2 1 1 1 2 2 1 2 1 2 2 1 2 1 2 1 1 2 2 1 1 2 1 1 1 1 2 2 1 1 2 2 1 1 1 1 2 2
95 34 51 0 
2 1 1 1 2 1 1 1 2 1 1 2 2 1 1 1 2 2 2 2 1 2 1 1 1 1 2 2 2 1 2 1 1 1 1 2 1 1 1 2 2 1 2 1 1 1 1 1 2 2 1 2 1 2 1 1 2 1 2 2
81 52 17 0 
2 2 1 2 2 1 2 1 1 1 1 2 2 2 2 1 1 2 1 2 2 1 1 2 2 2 1 1 1 1 2 1 1 2 1 2 1 2 2 1 1 2 2 1 1 1 1 1 2 2 1 2 2 2 2 1 1 1 2 2
174 75 20 0 
2 1 1 1 2 2 1 1 1 1 1 1 2 2 1 1 1 2 1 2 2 1 2 1 1 1 2 2 1 2 1 2 2 2 2 1 2 1 2 2 1 2 1 2 1 1 1 1 2 2 1 1 2 2 1 1 2 1 1 2
154 97 32 1 
2 2 1 1 2 2 1 1 1 1 1 2 2 2 2 1 1 2 2 2 1 1 1 1 1 1 2 2 2 2 1 1 1 1 1 1 1 1 2 2 2 1 2 1 1 1 1 1 2 2 1 1 2 2 2 1 2 2 2 1
121 39 66 1 
1 2 2 1 1 2 2 1 1 1 1 2 1 2 1 2 1 2 2 2 2 1 2 1 1 1 2 2 2 2 2 2 1 1 1 1 1 1 2 1 2 2 1 1 1 1 1 1 2 2 2 2 2 2 2 1 2 2 2 2
135 52 31 0 
2 1 1 2 2 1 1 1 1 1 2 1 2 2 2 1 1 1 1 2 1 1 1 1 2 1 1 2 1 2 2 2 1 1 1 1 1 2 2 1 1 1 2 2 1 1 1 1 2 2 1 1 1 2 2 2 2 2 2 2
302 200 98 0 
2 2 2 1 2 2 2 1 2 1 2 2 1 2 1 2 1 2 1 2 2 2 1 2 1 1 1 1 1 1 1 1 1 1 1 2 2 1 1 2 2 1 2 1 1 1 1 1 2 2 1 1 2 2 1 2 1 2 2 2
21 3 2 0 
1 1 2 2 2 2 2 1 2 1 1 1 2 2 1 1 1 2 2 2 1 2 1 1 1 1 2 1 2 2 2 2 1 1 1 1 2 1 1 2 1 1 2 2 1 1 1 1 1 2 1 1 1 2 1 2 2 2 2 2
81 52 17 0 
2 2 1 2 2 1 2 1 1 1 1 2 2 2 2 1 1 2 1 2 2 1 1 2 2 2 1 1 1 1 2 1 1 2 1 2 1 2 2 1 1 2 2 1 1 1 1 1 2 2 1 2 2 2 2 1 1 1 2 2
143 52 91 0 
2 2 1 2 2 2 2 1 1 1 1 2 2 2 2 2 1 2 1 2 2 1 1 1 1 2 2 1 1 2 2 2 1 1 1 1 1 1 2 1 1 2 2 2 1 1 1 1 2 2 1 1 1 2 2 1 1 1 2 2
231 80 56 0 
2 1 1 2 1 1 2 2 1 1 1 2 2 2 1 1 2 2 2 2 1 2 1 2 1 1 2 1 1 1 1 1 1 1 2 1 1 1 2 2 1 1 2 2 1 1 1 1 2 2 1 1 2 2 2 1 2 1 2 1
196 161 128 0 
2 2 1 1 2 1 2 2 1 2 2 2 2 2 2 1 1 2 2 2 1 2 1 2 1 1 2 2 2 2 2 1 1 2 1 2 1 2 1 2 1 2 2 1 1 1 1 1 2 2 1 2 2 2 1 1 2 1 2 2
227 115 42 0 
2 2 1 1 2 2 1 1 1 2 1 1 2 2 1 2 2 2 2 2 2 2 1 1 2 1 1 2 1 2 1 2 1 1 2 1 1 2 2 1 1 1 1 1 1 1 1 1 2 2 1 1 1 2 1 1 2 1 2 2
275 104 66 0 
2 2 1 1 1 1 1 2 1 1 2 1 1 1 1 1 1 1 1 1 2 2 1 1 2 1 1 2 1 2 2 2 1 1 1 1 1 1 1 1 1 2 1 1 1 1 1 1 1 2 1 2 1 2 1 1 1 2 2 2
205 151 23 1 
1 1 1 1 2 2 1 1 2 1 2 1 1 2 1 2 1 1 2 2 1 1 1 1 1 1 1 1 1 2 1 2 1 1 1 1 1 1 2 2 1 2 1 2 1 1 1 1 2 2 1 2 2 1 2 1 1 2 2 1
176 28 102 0 
2 1 2 1 2 1 2 1 1 1 1 2 2 1 2 2 1 1 2 2 1 2 1 2 2 2 1 1 1 1 1 1 1 1 2 1 1 1 2 1 1 1 2 2 1 1 1 1 2 2 1 1 2 2 1 2 1 2 2 1
244 134 166 0 
1 2 1 2 2 1 2 2 1 1 1 1 2 2 2 1 2 1 2 1 1 2 2 1 1 2 2 1 2 1 1 1 2 2 1 2 1 2 2 2 1 2 1 1 2 1 2 1 1 1 2 1 2 1 1 1 1 2 2 1
71 1 42 1 
2 2 1 1 1 2 2 1 1 1 1 1 2 2 1 2 1 2 1 2 2 1 2 1 1 1 1 2 1 2 1 2 2 1 2 1 2 2 1 1 1 1 1 2 1 1 1 1 2 2 1 1 2 2 2 1 2 1 1 2
163 87 90 0 
2 2 1 1 2 1 1 1 1 1 1 2 2 2 2 2 2 2 2 1 2 2 2 1 1 1 1 1 2 2 1 2 1 1 2 1 1 1 2 2 2 1 1 1 1 1 1 1 1 2 1 1 2 2 2 1 2 1 1 2
224 216 141 0 
2 2 1 1 1 2 2 1 1 2 2 1 2 2 1 2 2 2 2 2 2 1 2 1 2 2 1 2 1 2 1 2 1 1 2 1 2 1 1 2 2 1 1 2 2 1 1 1 2 1 1 1 1 2 1 1 1 2 2 2
8 1 2 1 
2 2 1 1 1 2 2 1 1 1 1 1 2 2 1 1 1 2 1 2 2 1 2 1 1 1 1 2 1 2 1 2 2 1 2 1 2 1 1 2 1 1 1 2 1 1 1 1 2 2 1 1 2 2 1 1 2 1 1 2
54 39 19 0 
1 1 2 2 2 2 1 2 1 1 1 2 1 1 2 1 2 1 2 2 1 2 1 2 1 1 2 1 2 1 1 2 1 1 2 1 1 1 2 1 2 2 1 2 1 1 1 1 2 2 1 1 2 2 1 2 2 2 2 1
226 159 99 0 
2 1 1 2 2 2 2 2 2 1 2 1 2 2 1 2 1 2 2 2 1 1 2 1 2 1 2 2 2 2 2 2 1 1 2 1 1 2 2 2 1 1 1 2 1 1 1 1 2 2 1 1 2 2 2 2 1 2 2 1
7 3 2 0 
1 2 2 1 1 2 2 1 2 1 1 1 2 2 2 1 2 2 2 2 1 2 1 2 1 1 2 2 2 2 2 2 1 1 1 1 1 1 1 2 1 1 1 2 2 1 2 1 1 2 1 1 1 2 1 2 2 2 2 2
294 119 259 0 
2 2 1 1 2 2 1 2 1 2 1 1 1 2 1 2 1 2 2 2 2 1 2 1 1 1 1 2 2 2 2 2 2 1 2 1 2 1 2 2 2 1 1 2 1 1 1 1 2 2 1 1 2 2 2 1 1 1 2 2
282 225 230 0 
2 2 1 1 2 2 1 2 1 1 1 2 2 2 1 1 1 2 2 1 2 2 2 1 1 2 2 2 2 1 1 1 1 2 2 1 1 2 2 2 1 2 1 1 1 1 1 1 1 2 1 1 2 2 2 1 2 1 1 2
179 26 46 0 
2 1 1 1 2 2 2 2 1 1 1 1 2 2 1 1 2 1 2 2 2 1 2 1 1 1 2 2 2 2 1 1 1 1 1 2 1 1 2 2 1 2 1 1 2 1 2 1 1 2 1 1 1 2 2 2 2 1 1 2
227 115 42 0 
2 2 1 1 2 2 1 1 1 2 1 1 2 2 1 2 2 2 2 2 2 2 1 1 2 1 1 2 1 2 1 2 1 1 2 1 1 2 2 1 1 1 1 1 1 1 1 1 2 2 1 1 1 2 1 1 2 1 2 2
272 220 7 1 
2 1 2 2 2 2 1 2 1 2 1 1 1 2 1 2 1 2 1 2 2 1 2 1 1 1 2 2 2 2 1 2 2 1 2 1 1 1 2 1 2 1 2 1 1 2 1 1 1 2 1 1 1 2 2 2 1 2 2 2
146 115 78 0 
2 1 1 2 2 1 1 2 1 2 1 1 1 2 1 1 2 1 2 1 2 2 1 2 2 2 1 1 1 1 1 1 1 2 2 2 1 1 2 2 1 2 1 2 2 1 1 1 2 2 1 1 1 2 1 1 2 1 2 1
61 3 38 1 
2 2 1 1 2 2 2 1 2 1 1 1 2 1 1 1 1 1 2 1 1 1 1 1 1 1 2 2 2 2 2 2 1 1 1 2 1 1 2 2 2 1 2 2 1 1 1 1 1 2 1 1 1 2 2 2 2 2 1 2
213 57 128 1 
1 2 1 1 2 1 1 2 1 2 1 2 2 2 2 1 2 2 2 2 2 2 2 2 1 1 2 2 2 2 1 1 1 1 1 1 1 1 2 2 2 2 1 1 2 1 2 1 1 2 1 1 1 2 2 1 2 1 1 2
256 24 203 0 
2 2 2 2 2 1 1 2 1 1 1 2 1 2 2 2 2 1 2 2 2 1 1 1 2 2 1 2 1 2 1 2 1 1 2 2 1 1 2 2 2 2 2 2 1 1 1 1 2 2 1 1 2 2 1 2 1 2 2 2
44 39 32 0 
1 2 1 1 1 1 2 1 1 1 1 2 1 2 1 2 2 2 2 2 2 1 2 1 1 1 1 1 1 1 1 1 1 1 2 1 1 1 2 2 2 2 2 1 1 1 1 1 2 1 1 1 2 1 2 1 2 2 2 2
218 16 9 1 
2 2 2 2 2 2 1 2 2 2 2 1 1 2 1 2 2 2 2 2 2 2 2 2 1 2 2 1 2 2 2 2 1 1 1 1 1 1 2 2 1 1 1 1 1 2 1 2 2 1 1 1 2 2 1 1 1 2 2 2
256 24 203 0 
2 2 2 2 2 1 1 2 1 1 1 2 1 2 2 2 2 1 2 2 2 1 1 1 2 2 1 2 1 2 1 2 1 1 2 2 1 1 2 2 2 2 2 2 1 1 1 1 2 2 1 1 2 2 1 2 1 2 2 2
229 223 176 0 
2 2 2 1 2 1 2 1 1 1 1 1 2 2 1 2 1 1 2 2 2 2 2 2 1 2 1 1 2 1 1 1 1 1 2 1 1 1 2 2 1 1 2 2 1 1 1 1 1 2 1 1 2 2 1 2 1 1 1 1
279 111 249 1 
2 2 2 2 1 1 2 2 1 2 1 1 1 2 1 1 1 2 2 1 1 2 1 1 1 1 1 1 1 2 1 2 1 1 1 2 1 1 2 1 2 1 1 2 1 1 1 1 2 2 1 1 2 2 2 1 1 2 1 2
178 134 148 0 
2 2 1 2 2 2 2 1 1 1 1 1 2 1 2 1 2 1 2 1 2 1 2 1 1 1 1 2 2 1 2 1 2 1 2 1 2 1 1 2 1 2 1 1 1 1 1 1 2 2 1 2 2 2 1 1 1 1 2 2
156 10 122 1 
2 1 2 1 1 2 2 1 1 1 2 1 1 2 1 2 1 1 1 2 2 1 2 1 1 1 2 1 2 2 2 2 1 1 1 1 1 1 2 2 1 1 2 2 1 1 1 1 2 2 2 2 2 2 2 1 1 1 2 2
177 127 35 1 
2 1 1 1 2 2 2 1 1 1 1 2 2 2 1 1 2 2 2 2 2 1 2 1 2 2 2 2 2 1 2 1 1 2 1 1 1 2 2 2 1 2 2 1 1 1 1 1 2 2 1 2 2 2 1 1 1 1 2 2
6 1 2 1 
2 2 2 1 2 2 2 1 1 1 1 1 1 2 1 2 1 2 1 2 2 2 1 1 2 2 2 1 1 2 1 2 1 1 2 1 1 1 2 2 2 1 1 2 1 1 1 1 2 2 1 1 2 2 1 2 1 1 2 2
77 39 55 0 
2 2 1 1 2 2 1 1 1 1 2 1 2 1 2 1 2 1 2 2 2 2 2 2 1 2 1 1 1 2 2 1 1 2 2 2 1 2 2 2 1 1 1 1 1 1 1 1 2 2 1 2 2 2 2 2 2 2 2 1
188 104 99 0 
2 1 1 2 1 2 1 2 2 1 2 1 2 2 2 2 2 2 2 2 2 2 1 2 2 2 1 2 1 2 2 2 1 1 1 1 1 2 1 2 2 1 1 1 1 2 1 2 1 2 1 1 1 2 1 2 2 2 2 2
140 28 38 1 
2 2 2 1 2 2 2 1 1 1 1 1 2 2 1 2 1 2 2 2 1 1 1 1 1 1 2 2 2 2 2 2 1 1 1 1 1 1 2 2 1 1 2 2 1 1 1 1 2 2 1 1 2 2 1 2 1 1 2 2
143 52 91 0 
2 2 1 2 2 2 2 1 1 1 1 2 2 2 2 2 1 2 1 2 2 1 1 1 1 2 2 1 1 2 2 2 1 1 1 1 1 1 2 1 1 2 2 2 1 1 1 1 2 2 1 1 1 2 2 1 1 1 2 2
284 168 46 1 
1 2 2 1 1 2 1 2 1 1 2 1 2 2 2 1 2 1 1 2 2 1 1 1 1 1 1 2 2 2 1 1 2 1 2 2 1 1 1 2 1 1 2 2 1 1 1 1 2 2 1 1 1 2 1 2 1 1 1 2
25 10 15 0 
1 2 2 1 1 2 1 1 1 1 2 2 2 2 1 2 2 1 2 1 1 2 1 1 1 1 1 2 1 2 1 1 1 1 2 2 1 1 2 2 2 1 1 2 1 1 1 1 2 2 2 1 2 2 2 1 2 1 2 2
234 177 54 0 
2 1 1 2 2 2 1 2 1 1 2 2 2 1 1 1 2 1 2 2 1 2 1 1 2 1 2 1 2 1 1 1 2 1 1 2 2 1 2 1 2 2 1 2 1 1 1 1 2 2 1 1 2 2 1 1 1 2 2 2
300 36 90 1 
2 2 2 1 2 1 1 2 1 1 1 2 2 2 1 2 2 2 2 1 1 2 2 1 1 1 1 2 1 2 1 2 1 1 1 1 2 2 2 1 1 1 2 1 1 1 1 1 2 2 2 1 2 2 2 1 2 1 2 2
17 1 2 0 
2 1 2 2 1 1 2 1 2 1 2 2 1 2 1 1 1 2 1 2 2 1 1 2 2 2 2 1 1 2 1 2 2 1 2 1 2 1 2 1 2 2 1 1 1 1 1 1 2 2 1 2 2 2 1 1 1 1 2 2
53 29 38 1 
2 2 1 1 2 2 2 1 1 1 1 1 2 1 1 1 2 2 2 2 2 1 1 1 2 1 1 2 1 2 1 2 1 1 1 2 2 1 1 2 1 2 2 1 1 1 1 1 2 2 1 1 1 2 1 2 2 1 2 2
27 5 14 1 
2 2 1 1 1 2 2 2 1 1 1 1 2 2 2 1 2 2 2 2 2 1 2 1 2 1 1 2 2 2 1 2 1 1 2 1 2 1 2 2 1 1 1 1 1 2 1 2 2 1 1 1 2 2 2 2 2 2 1 2
172 85 42 1 
2 1 1 1 1 2 1 1 1 1 2 1 2 2 2 2 2 2 2 2 2 1 2 1 1 1 1 2 2 2 1 2 1 1 1 1 1 2 1 1 1 1 1 2 2 1 2 1 1 2 1 1 1 2 2 1 1 1 1 2
195 129 141 0 
2 2 2 1 1 2 2 2 2 2 1 1 1 2 1 2 1 2 2 2 2 1 2 1 2 1 1 1 1 2 1 2 1 1 1 1 1 1 2 1 1 1 2 2 1 1 1 1 2 2 1 1 2 1 2 1 2 2 2 2
207 26 152 1 
2 2 1 2 2 2 2 2 1 1 1 1 2 2 1 2 2 2 2 2 2 1 2 2 2 1 2 2 2 2 2 2 1 1 1 2 1 2 1 1 1 1 1 1 1 1 1 1 2 2 1 2 2 2 1 1 2 2 2 2
51 10 37 0 
1 2 1 2 1 1 1 2 1 2 2 2 2 1 1 1 1 2 1 2 2 1 1 2 1 1 1 2 2 1 2 1 1 1 2 1 1 1 2 2 2 1 1 1 1 1 1 1 2 2 2 2 2 2 2 1 2 1 2 2
235 27 77 0 
2 2 1 1 2 2 2 1 1 1 1 2 2 1 2 1 2 1 2 2 1 2 1 2 1 2 2 1 2 2 2 1 1 1 2 2 2 2 2 2 1 1 1 1 1 1 1 1 2 2 1 1 2 2 2 2 2 2 2 2
102 5 48 0 
2 1 1 2 2 1 1 1 1 1 1 2 1 2 1 2 1 2 2 1 2 2 2 1 2 1 1 1 1 2 1 2 1 1 2 1 2 1 2 1 2 1 1 2 1 1 1 1 2 2 1 1 2 1 2 1 2 2 1 2
86 3 66 0 
2 2 1 1 2 2 2 1 2 1 1 2 2 2 2 2 2 2 2 2 1 1 1 1 1 1 2 1 2 2 2 2 1 1 1 1 2 2 1 2 2 2 2 1 1 1 1 1 1 2 1 1 1 2 1 2 2 2 2 2
22 3 2 0 
1 2 2 1 1 2 2 1 2 1 1 2 2 2 2 2 2 2 2 2 1 1 1 1 1 1 2 2 2 2 2 2 1 1 1 1 1 1 2 1 2 2 2 1 1 1 1 1 1 2 1 2 1 2 1 2 2 2 2 2
259 243 42 0 
2 2 1 1 2 2 2 2 1 2 2 1 2 2 1 2 1 2 1 2 2 1 2 1 1 1 2 2 1 2 1 2 2 1 2 1 2 1 1 2 2 1 1 2 1 1 1 1 2 2 1 1 2 2 1 1 1 1 2 2
26 5 7 1 
2 2 1 1 2 2 2 2 1 1 1 1 2 2 2 1 2 2 2 2 2 2 2 2 2 1 2 2 1 2 1 2 1 1 1 1 1 1 2 1 1 1 2 1 1 2 1 2 2 1 1 1 2 1 2 1 2 2 1 2
228 83 4 1 
2 2 1 1 1 1 2 1 1 1 1 1 2 2 1 2 1 1 1 1 2 2 2 2 1 2 2 1 1 2 1 2 2 2 2 2 2 2 1 1 1 2 1 1 1 1 1 1 2 2 1 1 2 2 2 1 2 1 1 2
123 74 91 1 
1 2 2 2 2 2 2 2 2 1 1 1 2 2 1 2 2 2 2 2 2 1 2 1 1 2 2 1 1 2 1 2 1 1 1 1 1 2 2 1 1 2 2 2 1 1 1 1 2 2 1 1 2 2 1 1 2 1 2 2
191 71 55 1 
2 2 1 1 1 1 2 2 1 1 1 1 2 1 1 1 1 1 1 2 2 2 2 2 1 1 1 1 2 1 2 1 1 2 1 2 2 1 1 2 1 1 2 1 1 1 1 1 2 2 1 1 2 2 2 2 2 2 1 1
240 85 148 1 
1 2 1 1 1 1 1 1 1 1 1 1 2 1 2 1 1 2 2 2 2 1 2 1 1 1 1 2 1 1 1 1 1 1 1 1 1 1 1 2 1 2 1 2 2 1 2 1 1 2 1 2 1 2 2 1 1 1 1 2
287 172 114 0 
2 1 1 2 1 2 1 2 1 1 2 2 2 2 2 2 2 2 2 2 1 2 1 1 1 1 1 1 2 1 1 1 1 1 1 1 1 1 1 2 1 2 2 1 1 1 1 1 2 2 1 1 2 2 1 2 1 1 2 2
152 123 76 0 
2 2 2 2 2 2 2 2 1 2 1 1 2 1 2 1 2 2 2 2 1 1 2 1 1 2 1 2 2 2 2 2 1 1 1 2 1 2 2 1 1 1 2 1 1 1 1 1 2 2 1 2 2 2 1 1 2 1 2 2
186 87 155 0 
1 2 2 1 2 2 1 2 1 1 1 1 2 2 2 1 2 2 2 1 2 2 2 1 1 1 2 2 1 2 1 1 1 1 1 2 1 1 1 2 2 1 1 1 1 2 1 2 2 1 1 1 2 2 2 2 2 2 1 2
4 1 2 0 
2 2 2 1 2 1 2 1 2 1 1 1 1 2 1 2 1 2 1 2 2 2 1 2 2 2 2 1 1 2 1 2 2 1 2 1 2 1 1 2 2 1 1 2 1 1 1 1 2 2 1 1 2 2 2 1 2 1 1 2
42 6 9 0 
2 1 1 2 2 1 1 2 1 2 1 1 2 2 2 2 2 2 2 2 2 1 1 1 2 1 1 2 2 2 2 2 1 1 1 1 1 2 2 1 1 1 1 2 1 1 1 1 2 2 1 1 2 2 1 1 1 1 2 2
105 33 20 1 
2 2 2 1 2 1 2 2 2 1 1 1 2 2 1 1 2 1 2 1 2 2 1 1 1 1 2 2 2 2 2 2 1 1 1 1 2 1 1 2 2 1 2 2 1 1 1 1 1 2 1 1 1 2 1 1 2 2 1 2
149 49 114 1 
2 2 2 2 1 2 2 2 1 1 1 2 1 2 1 2 1 2 1 2 2 2 1 1 1 1 2 1 1 1 2 1 1 1 1 1 1 1 2 2 1 2 2 1 1 1 1 1 2 2 1 1 2 1 2 2 2 2 2 2
239 67 130 0 
1 2 2 2 1 1 2 2 2 2 2 2 2 1 1 1 2 1 2 2 2 2 2 1 1 1 2 1 2 2 2 2 1 1 1 1 2 2 1 2 1 1 1 2 1 1 1 1 2 2 2 1 2 2 1 1 2 2 2 2
161 34 20 1 
2 2 1 1 2 1 2 2 1 1 2 1 2 2 2 1 1 1 2 1 1 1 1 1 1 1 2 2 2 1 2 1 1 2 1 2 1 1 1 2 1 2 2 2 1 1 1 1 2 2 1 1 2 2 1 1 2 2 2 2
27 5 14 1 
2 2 1 1 1 2 2 2 1 1 1 1 2 2 2 1 2 2 2 2 2 1 2 1 2 1 1 2 2 2 1 2 1 1 2 1 2 1 2 2 1 1 1 1 1 2 1 2 2 1 1 1 2 2 2 2 2 2 1 2
200 167 100 1 
2 2 2 2 2 2 2 2 2 2 1 2 1 1 1 1 2 1 2 1 2 2 2 1 2 1 1 1 1 1 1 1 1 1 2 1 2 1 1 2 2 1 2 1 1 1 1 1 2 2 1 1 2 2 1 1 1 2 2 2
152 123 76 0 
2 2 2 2 2 2 2 2 1 2 1 1 2 1 2 1 2 2 2 2 1 1 2 1 1 2 1 2 2 2 2 2 1 1 1 2 1 2 2 1 1 1 2 1 1 1 1 1 2 2 1 2 2 2 1 1 2 1 2 2
286 207 178 1 
2 2 2 2 2 2 2 1 1 1 1 1 2 2 2 2 2 1 2 1 1 2 2 2 1 1 2 2 2 1 2 2 1 2 1 2 2 1 1 2 1 1 1 1 1 1 1 1 2 2 2 1 2 2 1 1 2 1 2 2
222 87 163 0 
2 2 1 1 2 2 1 1 1 1 1 1 1 2 2 2 2 2 2 2 2 2 2 2 1 1 1 1 2 2 1 1 1 1 1 1 1 1 1 2 2 2 1 1 2 1 1 1 1 1 1 1 2 2 2 1 2 2 1 1
215 29 188 0 
1 2 2 1 2 1 2 1 2 2 1 2 2 2 2 2 1 2 2 2 2 2 1 2 1 2 2 2 2 2 2 2 1 1 1 1 2 2 2 2 2 1 1 1 1 1 1 1 2 1 1 1 2 1 2 1 1 2 2 2
10 1 2 1 
2 1 1 2 1 1 2 1 1 1 1 2 1 2 1 1 1 2 1 2 2 1 2 1 1 1 1 2 1 2 1 2 1 1 2 1 1 1 2 2 2 1 1 2 1 1 1 1 2 2 1 2 2 2 2 2 1 2 2 2
35 5 17 0 
2 1 1 2 2 1 1 1 1 1 1 2 2 2 1 1 2 2 1 2 2 1 1 1 2 2 2 2 2 1 2 1 1 2 2 1 1 2 2 2 1 2 2 1 1 1 1 1 2 2 1 2 2 2 2 1 2 1 2 2
245 158 9 1 
2 2 2 1 1 1 2 1 1 1 1 1 2 2 2 2 2 2 1 2 2 1 2 1 1 1 1 2 1 2 1 2 2 1 1 1 1 1 2 2 1 1 1 2 1 1 1 2 2 1 2 1 2 2 1 1 1 1 2 2
290 260 11 0 
1 2 1 1 2 2 1 1 2 2 2 2 2 2 2 1 2 1 2 2 2 2 2 2 2 2 2 2 2 2 2 2 1 2 1 2 2 2 2 2 1 1 1 2 1 1 1 1 2 2 1 1 2 2 1 1 1 1 2 1
254 200 128 1 
2 2 2 1 2 1 2 2 2 2 2 2 1 2 1 1 2 1 2 1 2 2 2 2 2 2 1 1 1 1 1 1 1 2 1 2 1 2 2 2 1 2 1 1 1 1 1 1 2 2 1 2 2 2 1 1 2 1 2 2
9 3 2 0 
1 2 2 1 2 1 2 1 2 1 1 1 2 2 2 1 2 2 2 2 1 2 1 2 1 2 2 1 2 2 2 2 1 1 1 1 2 1 1 2 1 1 1 2 2 1 2 1 1 2 1 1 1 2 1 1 2 1 2 2
6 1 2 1 
2 2 2 1 2 2 2 1 1 1 1 1 1 2 1 2 1 2 1 2 2 2 1 1 2 2 2 1 1 2 1 2 1 1 2 1 1 1 2 2 2 1 1 2 1 1 1 1 2 2 1 1 2 2 1 2 1 1 2 2
73 52 22 0 
2 2 1 1 2 1 2 1 1 2 2 1 2 2 2 2 1 2 1 2 2 1 1 1 2 1 1 2 1 2 2 2 1 1 1 1 1 1 2 1 1 2 2 1 1 1 1 1 2 1 1 1 1 1 2 1 2 2 2 2
62 16 2 0 
2 2 1 2 2 1 1 1 1 1 1 2 2 2 1 1 2 2 2 2 2 1 2 1 1 1 2 2 2 2 2 2 1 1 1 1 1 1 2 2 1 1 1 2 1 1 1 1 2 2 1 2 2 2 1 2 1 2 2 2
269 33 147 0 
2 2 2 2 2 1 2 2 2 2 1 1 2 2 1 1 1 1 2 1 2 1 2 1 2 1 2 2 2 2 2 1 1 1 1 2 2 1 1 2 2 1 2 1 1 1 1 1 1 2 1 1 2 1 1 1 1 2 1 2
62 16 2 0 
2 2 1 2 2 1 1 1 1 1 1 2 2 2 1 1 2 2 2 2 2 1 2 1 1 1 2 2 2 2 2 2 1 1 1 1 1 1 2 2 1 1 1 2 1 1 1 1 2 2 1 2 2 2 1 2 1 2 2 2
60 30 19 1 
2 2 1 2 2 2 1 1 1 1 1 2 2 2 2 2 2 2 2 2 2 2 2 2 2 1 1 2 1 2 2 2 1 1 1 1 1 1 2 1 1 2 1 1 1 1 1 1 2 2 1 1 2 2 2 2 2 2 2 2
291 33 195 1 
2 2 2 2 1 2 2 2 2 2 1 1 2 2 1 2 1 1 2 2 1 2 1 2 1 2 2 1 2 1 2 2 1 1 1 1 2 1 1 1 2 1 2 2 1 1 1 1 1 2 1 1 2 1 1 1 1 2 1 2
215 29 188 0 
1 2 2 1 2 1 2 1 2 2 1 2 2 2 2 2 1 2 2 2 2 2 1 2 1 2 2 2 2 2 2 2 1 1 1 1 2 2 2 2 2 1 1 1 1 1 1 1 2 1 1 1 2 1 2 1 1 2 2 2
14 3 2 0 
2 1 1 2 2 2 2 1 2 1 1 1 2 2 1 1 1 2 2 2 1 1 1 1 1 1 2 2 2 2 2 2 1 1 1 1 2 1 1 2 1 1 1 2 2 1 2 1 1 2 1 1 1 2 2 2 2 2 2 2
249 103 214 0 
2 2 2 2 2 1 1 2 1 2 1 1 1 2 2 1 2 2 2 1 1 2 1 1 2 1 2 1 2 2 1 2 1 1 2 2 1 1 2 1 2 1 2 2 1 1 1 1 2 2 1 1 2 2 1 1 2 2 1 2
116 29 11 0 
2 2 1 2 2 2 1 2 1 2 1 2 2 2 2 1 2 1 2 1 2 2 1 2 2 2 1 2 1 2 1 1 1 2 1 2 2 2 1 1 1 2 2 2 1 1 1 1 2 2 1 1 1 2 2 1 1 1 2 2
3 0 0 1 
2 1 1 2 2 1 2 2 2 2 1 1 2 2 1 2 1 2 2 2 1 1 1 1 1 1 2 2 2 2 2 2 1 1 1 1 2 1 1 2 1 2 1 2 2 1 2 1 1 1 1 1 1 1 1 2 2 2 2 1
262 67 196 0 
1 2 2 1 1 1 2 2 2 2 2 2 2 2 1 2 2 1 2 2 1 2 1 2 1 1 2 2 2 2 1 2 1 1 1 1 1 1 2 1 1 1 1 2 2 1 1 1 2 2 2 2 2 2 2 1 2 2 2 2
130 40 68 0 
1 2 2 2 1 2 2 2 2 2 1 2 2 1 1 1 2 1 2 2 2 2 1 1 1 1 1 1 2 2 2 1 1 1 1 2 2 1 1 2 1 1 2 1 1 1 1 1 2 2 1 1 2 2 1 1 2 1 2 2
179 26 46 0 
2 1 1 1 2 2 2 2 1 1 1 1 2 2 1 1 2 1 2 2 2 1 2 1 1 1 2 2 2 2 1 1 1 1 1 2 1 1 2 2 1 2 1 1 2 1 2 1 1 2 1 1 1 2 2 2 2 1 1 2
12 1 2 0 
2 1 2 2 2 2 2 1 1 1 1 1 2 2 1 2 1 2 1 2 2 2 2 2 1 2 1 2 1 2 1 2 1 1 2 1 1 1 1 2 2 2 1 1 1 1 1 1 2 2 1 2 2 2 1 1 1 1 2 2
140 28 38 1 
2 2 2 1 2 2 2 1 1 1 1 1 2 2 1 2 1 2 2 2 1 1 1 1 1 1 2 2 2 2 2 2 1 1 1 1 1 1 2 2 1 1 2 2 1 1 1 1 2 2 1 1 2 2 1 2 1 1 2 2
240 85 148 1 
1 2 1 1 1 1 1 1 1 1 1 1 2 1 2 1 1 2 2 2 2 1 2 1 1 1 1 2 1 1 1 1 1 1 1 1 1 1 1 2 1 2 1 2 2 1 2 1 1 2 1 2 1 2 2 1 1 1 1 2
216 85 81 1 
1 2 1 1 1 2 2 1 1 1 2 2 2 2 2 1 1 2 2 2 2 2 2 1 1 2 1 1 1 1 1 2 1 1 2 2 1 2 1 1 1 2 1 1 2 1 2 1 2 2 1 2 1 2 1 1 2 1 2 2
286 207 178 1 
2 2 2 2 2 2 2 1 1 1 1 1 2 2 2 2 2 1 2 1 1 2 2 2 1 1 2 2 2 1 2 2 1 2 1 2 2 1 1 2 1 1 1 1 1 1 1 1 2 2 2 1 2 2 1 1 2 1 2 2
2 0 0 0 
1 2 2 1 1 2 1 1 1 1 2 1 2 2 2 1 2 2 2 2 2 1 2 1 2 1 1 2 2 2 2 2 1 1 1 1 1 1 2 1 1 2 2 1 1 1 1 1 2 2 1 2 2 2 2 1 2 1 2 2
182 3 14 1 
1 1 2 1 2 2 2 1 2 1 1 1 2 2 2 1 2 1 2 2 1 1 1 1 1 1 2 2 2 2 2 2 1 1 1 1 1 1 2 1 2 1 2 1 1 2 2 2 1 1 1 1 1 1 1 2 2 2 2 2
228 83 4 1 
2 2 1 1 1 1 2 1 1 1 1 1 2 2 1 2 1 1 1 1 2 2 2 2 1 2 2 1 1 2 1 2 2 2 2 2 2 2 1 1 1 2 1 1 1 1 1 1 2 2 1 1 2 2 2 1 2 1 1 2
197 170 141 1 
1 2 2 1 2 2 2 1 1 2 2 1 1 2 1 2 2 1 2 2 2 1 2 1 1 1 2 2 1 2 1 2 2 1 2 1 1 1 1 1 1 2 1 2 2 1 2 1 2 2 1 1 2 1 1 1 1 1 1 2
120 80 81 0 
2 2 1 2 1 1 2 2 1 1 1 1 2 2 2 1 2 2 2 2 1 1 1 2 1 2 1 1 1 1 1 1 1 2 1 2 1 2 2 2 1 1 2 2 1 1 1 1 2 2 1 2 2 2 2 1 2 1 2 2
303 209 77 1 
1 2 1 1 1 2 1 1 2 1 1 1 2 2 2 2 2 2 2 2 2 2 1 2 1 2 2 1 2 2 1 2 1 1 1 2 1 1 2 2 2 1 1 1 1 1 1 1 2 2 1 2 2 2 1 2 1 2 2 2
164 123 42 0 
2 1 2 2 2 1 2 2 1 2 1 1 2 2 1 2 2 2 2 2 1 1 1 1 2 1 1 2 2 2 2 2 1 1 1 1 1 2 2 2 1 1 2 1 1 1 1 1 2 2 1 1 2 2 1 1 1 1 2 2
283 210 42 1 
2 2 1 1 2 2 1 1 1 1 2 1 2 2 1 2 1 2 2 2 2 1 2 1 1 1 1 2 2 2 2 2 1 1 1 1 1 1 2 2 1 1 1 1 1 1 1 1 2 2 1 1 2 2 1 1 1 1 2 2
250 87 48 0 
1 2 2 2 2 1 1 1 1 1 1 2 2 2 2 2 2 2 2 2 2 2 2 1 1 1 2 1 1 2 1 2 1 1 1 1 1 1 2 1 2 1 1 2 2 1 1 1 1 2 1 1 2 1 2 1 2 2 1 2
98 59 19 0 
2 2 1 2 2 2 1 2 1 1 2 2 2 1 1 2 2 2 2 2 2 2 1 2 1 1 1 2 1 2 1 2 1 1 2 1 1 1 2 1 1 2 1 2 1 1 1 1 2 2 1 2 2 2 2 2 1 2 2 1
195 129 141 0 
2 2 2 1 1 2 2 2 2 2 1 1 1 2 1 2 1 2 2 2 2 1 2 1 2 1 1 1 1 2 1 2 1 1 1 1 1 1 2 1 1 1 2 2 1 1 1 1 2 2 1 1 2 1 2 1 2 2 2 2
87 26 54 1 
2 1 1 2 2 2 2 1 1 1 1 1 2 1 2 2 2 2 2 2 2 2 2 2 1 1 2 1 1 2 1 1 1 1 1 2 1 1 1 2 1 2 1 1 2 1 1 1 1 2 1 1 2 2 2 2 2 2 1 1
155 27 68 0 
2 2 1 2 2 2 2 2 1 1 1 1 2 1 1 1 2 2 2 1 1 2 1 1 1 2 2 1 2 2 2 1 1 1 1 2 1 1 2 2 1 1 1 1 2 1 2 1 1 2 1 1 2 2 2 2 2 1 1 2
131 29 116 1 
1 2 2 1 2 2 2 1 2 1 1 1 2 2 1 1 1 1 2 1 2 2 1 2 2 2 1 2 1 2 1 1 1 2 1 2 1 2 2 1 2 2 1 2 1 1 1 1 2 2 1 1 2 2 2 1 1 1 2 2
16 1 2 1 
2 2 2 1 2 2 2 1 2 1 2 1 1 2 1 1 1 2 1 2 2 2 1 2 2 1 2 2 1 2 1 2 1 1 2 1 1 1 1 2 1 1 1 1 1 1 1 1 2 2 1 2 2 2 2 1 2 1 1 2
153 47 46 1 
2 1 1 1 2 2 1 1 1 1 1 1 1 2 1 2 1 2 1 2 2 1 1 1 1 1 2 2 2 2 2 1 1 2 2 2 1 1 2 2 1 1 2 2 1 1 1 1 2 2 2 1 2 2 2 1 1 1 2 2
272 220 7 1 
2 1 2 2 2 2 1 2 1 2 1 1 1 2 1 2 1 2 1 2 2 1 2 1 1 1 2 2 2 2 1 2 2 1 2 1 1 1 2 1 2 1 2 1 1 2 1 1 1 2 1 1 1 2 2 2 1 2 2 2
183 57 91 0 
2 1 1 2 2 1 2 1 1 1 1 2 2 2 2 2 2 2 2 1 1 2 1 2 1 1 2 1 2 2 1 2 1 1 1 1 1 1 2 2 1 2 1 1 2 1 2 1 1 2 1 1 1 2 2 1 1 1 2 2
82 24 48 1 
2 1 2 2 2 1 2 1 1 1 1 2 1 2 2 2 2 2 2 2 2 1 1 1 2 1 1 1 2 2 2 2 1 1 2 1 1 2 2 1 2 1 1 2 1 1 1 1 2 2 1 1 2 2 1 1 1 1 2 2
252 197 55 1 
1 2 1 1 2 2 2 1 1 1 2 1 2 2 2 1 1 1 2 1 1 2 2 2 1 1 2 1 1 1 1 1 2 2 2 2 1 2 1 2 2 1 2 1 1 1 1 1 2 2 1 2 2 2 1 1 1 1 1 2
283 210 42 1 
2 2 1 1 2 2 1 1 1 1 2 1 2 2 1 2 1 2 2 2 2 1 2 1 1 1 1 2 2 2 2 2 1 1 1 1 1 1 2 2 1 1 1 1 1 1 1 1 2 2 1 1 2 2 1 1 1 1 2 2
76 53 37 0 
2 2 1 2 2 2 1 2 1 2 1 2 1 1 1 1 2 2 2 2 1 1 1 2 2 1 1 2 2 2 2 2 1 1 2 1 2 1 1 2 1 1 1 2 1 1 1 1 2 2 1 2 1 2 1 1 1 1 2 2
277 182 144 0 
1 2 1 1 2 1 1 2 1 1 1 1 2 2 1 1 1 1 2 1 1 2 1 2 1 1 2 1 2 1 2 1 1 1 1 1 1 2 2 2 2 2 2 1 1 1 2 1 1 2 1 1 1 2 1 1 2 1 2 2
24 6 2 1 
2 2 2 1 2 2 2 1 1 1 1 1 1 2 2 1 2 2 2 2 2 2 1 2 2 2 1 1 1 2 1 2 1 1 2 1 1 1 2 1 2 1 1 2 1 1 1 1 2 2 1 1 2 2 2 1 1 1 2 2
15 1 2 0 
2 2 1 1 1 2 2 1 1 1 1 2 2 2 1 2 1 2 1 2 2 2 1 2 1 1 1 2 1 2 1 2 1 1 2 1 1 1 2 2 1 1 1 2 1 1 1 1 2 2 1 1 2 2 2 1 2 1 2 2
96 47 55 1 
2 2 2 1 2 1 1 1 1 1 1 1 1 2 1 1 1 1 1 2 2 2 1 2 1 1 1 1 2 1 2 1 1 2 2 2 1 2 2 2 1 2 1 1 1 1 1 1 2 2 2 1 2 2 2 2 1 1 2 2
220 96 139 1 
2 1 2 1 2 2 1 1 1 1 1 1 1 2 1 2 1 2 1 2 2 2 2 1 1 1 1 2 2 2 2 1 1 2 2 2 1 1 2 2 1 2 1 2 1 1 1 1 2 1 2 1 2 1 2 2 1 1 2 2
64 58 13 0 
2 2 1 2 2 2 1 1 1 1 1 1 1 1 1 1 1 1 1 2 1 2 1 2 1 2 1 1 1 2 1 2 1 1 1 1 1 1 2 2 1 1 2 1 1 1 1 1 1 2 2 2 2 2 1 2 1 1 2 2
197 170 141 1 
1 2 2 1 2 2 2 1 1 2 2 1 1 2 1 2 2 1 2 2 2 1 2 1 1 1 2 2 1 2 1 2 2 1 2 1 1 1 1 1 1 2 1 2 2 1 2 1 2 2 1 1 2 1 1 1 1 1 1 2
139 71 23 0 
2 1 1 1 1 2 1 1 1 1 1 1 2 2 1 2 1 2 1 2 2 2 2 1 1 1 2 1 2 2 1 2 2 1 2 1 2 1 1 2 1 2 1 2 1 1 1 1 2 1 1 1 2 1 1 2 2 1 1 2
223 129 46 1 
2 2 1 2 1 2 2 2 1 1 1 1 1 2 1 1 1 1 2 2 2 2 2 2 2 1 1 2 1 2 2 1 1 1 1 2 1 1 2 2 1 2 2 1 1 1 1 1 1 2 1 1 2 2 2 1 2 1 1 2
288 89 130 0 
2 1 1 2 1 2 1 2 1 2 1 1 1 2 1 1 2 2 2 2 1 2 1 1 2 1 1 1 2 2 2 2 1 1 2 1 1 2 2 1 1 1 1 2 1 1 1 1 2 2 2 1 2 2 2 1 1 1 2 2
11 1 2 0 
2 2 2 1 2 2 2 1 2 1 2 1 2 2 1 2 1 2 1 2 2 2 2 2 1 2 2 2 1 2 1 2 2 1 2 1 2 1 1 2 2 1 1 2 1 1 1 1 2 2 1 2 2 2 1 1 1 1 1 2
87 26 54 1 
2 1 1 2 2 2 2 1 1 1 1 1 2 1 2 2 2 2 2 2 2 2 2 2 1 1 2 1 1 2 1 1 1 1 1 2 1 1 1 2 1 2 1 1 2 1 1 1 1 2 1 1 2 2 2 2 2 2 1 1
267 150 126 0 
2 2 1 2 1 2 2 2 1 2 1 2 2 2 2 1 2 1 2 1 2 2 1 1 2 1 1 1 1 1 2 1 1 1 1 2 1 1 2 1 1 2 1 1 1 1 1 1 2 2 1 1 2 2 2 2 2 1 2 2
266 228 232 1 
2 2 1 1 1 1 1 1 1 1 1 1 2 1 2 1 1 2 1 2 2 2 2 2 2 2 2 1 1 1 1 1 2 1 2 1 2 1 1 2 1 1 1 2 1 1 1 2 2 1 1 1 2 1 1 2 2 2 1 2
18 3 2 1 
2 1 1 2 2 1 2 1 2 1 1 2 2 2 1 2 1 2 2 2 1 1 1 1 1 1 2 1 2 2 2 2 1 1 1 1 2 1 1 2 1 1 1 2 2 1 2 1 1 2 1 1 1 2 2 1 2 1 1 2
193 3 4 1 
2 2 1 2 1 2 2 1 2 1 1 1 2 2 2 2 2 2 2 1 1 2 1 1 1 2 2 2 2 1 2 1 1 2 1 1 2 2 2 2 2 1 2 2 1 1 1 1 1 2 1 1 1 2 2 1 2 1 1 1
109 65 2 0 
2 2 1 1 1 2 2 1 2 1 1 1 1 2 1 1 1 2 2 2 2 2 2 2 2 1 1 2 1 2 2 2 1 1 1 1 1 1 2 2 1 1 2 2 1 1 1 1 2 2 1 1 2 2 2 2 2 2 1 2
248 175 106 0 
1 2 1 1 2 2 2 2 2 1 2 1 2 2 1 1 2 2 2 2 1 2 1 2 1 1 1 2 1 1 2 1 1 1 2 2 1 1 1 1 2 1 2 2 1 1 1 1 2 2 1 1 2 2 1 1 1 2 2 1
4 1 2 0 
2 2 2 1 2 1 2 1 2 1 1 1 1 2 1 2 1 2 1 2 2 2 1 2 2 2 2 1 1 2 1 2 2 1 2 1 2 1 1 2 2 1 1 2 1 1 1 1 2 2 1 1 2 2 2 1 2 1 1 2
220 96 139 1 
2 1 2 1 2 2 1 1 1 1 1 1 1 2 1 2 1 2 1 2 2 2 2 1 1 1 1 2 2 2 2 1 1 2 2 2 1 1 2 2 1 2 1 2 1 1 1 1 2 1 2 1 2 1 2 2 1 1 2 2
299 45 100 0 
2 2 1 2 2 2 1 2 1 1 1 1 2 1 1 1 2 1 2 1 2 2 1 1 1 1 1 1 2 1 2 1 1 1 1 1 1 1 2 1 2 1 1 1 1 1 1 1 2 2 2 1 2 2 2 1 2 1 2 2
166 105 128 0 
2 2 2 1 1 1 2 2 1 1 1 1 2 2 1 1 1 1 1 1 2 2 1 2 1 2 2 1 2 1 2 1 1 2 1 2 2 2 1 2 2 2 2 1 1 1 1 1 1 2 1 1 1 2 1 1 2 1 1 2
59 27 25 1 
2 2 1 1 1 2 2 1 1 1 1 2 2 2 1 1 2 2 2 2 2 1 2 1 1 1 2 1 2 1 2 1 1 1 2 2 2 1 2 2 1 1 1 2 2 1 1 1 2 2 1 1 2 2 2 2 2 1 2 2
113 92 78 1 
2 1 1 2 2 1 1 2 1 2 1 1 1 2 1 2 2 1 2 2 2 2 1 2 2 2 2 1 1 1 2 1 1 1 1 1 2 2 1 2 1 2 2 2 1 1 1 1 2 1 2 1 2 1 2 1 1 1 2 2
98 59 19 0 
2 2 1 2 2 2 1 2 1 1 2 2 2 1 1 2 2 2 2 2 2 2 1 2 1 1 1 2 1 2 1 2 1 1 2 1 1 1 2 1 1 2 1 2 1 1 1 1 2 2 1 2 2 2 2 2 1 2 2 1
148 58 32 0 
2 2 2 1 2 1 1 1 1 1 1 2 1 2 1 2 1 2 1 2 1 1 1 1 1 1 2 2 1 1 1 1 1 1 1 1 1 1 2 2 2 1 2 1 1 1 1 1 2 2 2 1 2 2 1 1 1 2 2 2
34 18 22 1 
2 2 1 1 2 2 1 2 2 1 1 2 2 2 1 2 1 2 2 2 1 1 1 1 1 1 2 2 2 2 2 2 1 1 1 1 1 1 1 1 1 2 2 2 1 1 1 1 2 1 1 1 2 1 1 1 1 2 2 2
111 93 32 1 
1 2 2 1 1 2 2 1 1 1 1 1 1 2 1 1 1 2 2 2 2 1 1 1 1 1 2 1 2 1 2 1 1 1 1 1 1 1 2 2 1 2 1 2 1 1 1 1 2 1 1 1 2 1 2 1 1 2 2 1
55 5 43 0 
2 2 1 1 2 1 1 2 1 1 1 1 1 2 1 1 1 1 2 1 2 2 2 2 2 1 1 1 2 1 2 1 1 2 1 2 1 2 2 2 1 2 1 1 1 1 1 1 2 2 1 2 2 2 2 1 2 1 1 2
29 6 21 1 
2 1 1 2 2 2 1 2 1 2 1 1 2 2 2 1 2 1 2 2 2 1 1 1 2 1 1 2 1 2 1 2 1 1 2 1 1 2 2 1 2 1 1 2 1 1 1 1 2 2 1 1 2 1 2 1 1 2 2 2
177 127 35 1 
2 1 1 1 2 2 2 1 1 1 1 2 2 2 1 1 2 2 2 2 2 1 2 1 2 2 2 2 2 1 2 1 1 2 1 1 1 2 2 2 1 2 2 1 1 1 1 1 2 2 1 2 2 2 1 1 1 1 2 2
58 36 32 1 
2 2 2 1 2 2 1 1 1 1 1 1 1 2 1 1 1 2 1 2 1 1 1 1 1 1 2 1 2 1 2 1 1 1 1 1 1 1 2 2 1 2 2 2 1 1 1 1 2 1 2 1 2 1 1 1 1 2 2 1
243 83 126 1 
2 2 1 1 1 2 2 2 1 1 2 2 2 2 1 1 1 1 1 1 2 2 2 2 1 1 2 2 1 1 1 1 2 2 2 2 2 2 1 1 2 2 1 1 1 1 1 1 2 2 1 1 2 2 2 1 2 1 1 2
236 67 144 0 
1 2 2 2 1 1 2 1 2 1 1 1 2 2 1 1 2 1 2 2 2 2 2 2 1 1 2 1 2 1 2 1 1 2 1 2 1 2 2 2 1 2 1 1 2 1 1 1 2 2 1 1 2 2 2 2 1 2 2 2
65 5 7 1 
2 2 1 2 1 1 2 2 1 2 1 1 1 2 1 2 1 2 1 2 2 1 2 1 2 1 1 2 1 2 2 2 1 1 1 1 1 1 2 2 1 1 2 2 1 1 1 1 2 2 1 1 2 2 2 2 2 2 1 2
100 50 68 0 
1 2 2 2 2 2 2 2 1 2 1 2 2 1 1 1 1 1 2 1 1 2 1 1 1 1 1 1 1 1 1 1 1 1 1 1 1 1 1 2 2 1 1 1 1 1 1 1 2 2 1 1 2 2 1 1 2 1 2 2
68 6 63 0 
2 2 2 2 2 2 2 2 1 2 1 2 1 1 1 1 2 1 2 1 2 2 1 1 2 1 1 1 2 1 1 1 1 1 2 1 1 1 2 2 1 1 1 1 1 1 1 1 2 2 1 1 2 2 1 2 1 1 2 2
202 158 25 0 
1 2 1 2 2 1 1 1 1 1 1 2 2 2 2 1 2 2 2 2 2 1 2 1 1 1 2 1 2 1 2 1 1 1 1 2 1 1 2 2 2 2 1 1 1 1 1 1 2 2 2 1 2 2 1 2 1 2 2 2
51 10 37 0 
1 2 1 2 1 1 1 2 1 2 2 2 2 1 1 1 1 2 1 2 2 1 1 2 1 1 1 2 2 1 2 1 1 1 2 1 1 1 2 2 2 1 1 1 1 1 1 1 2 2 2 2 2 2 2 1 2 1 2 2
250 87 48 0 
1 2 2 2 2 1 1 1 1 1 1 2 2 2 2 2 2 2 2 2 2 2 2 1 1 1 2 1 1 2 1 2 1 1 1 1 1 1 2 1 2 1 1 2 2 1 1 1 1 2 1 1 2 1 2 1 2 2 1 2
181 85 11 1 
2 2 1 2 1 2 1 1 1 1 1 1 2 2 2 2 1 1 2 1 2 2 2 2 1 2 1 2 1 2 1 2 1 2 1 2 1 2 1 1 2 2 2 1 1 1 2 1 1 2 1 2 1 2 2 1 2 1 2 2
20 1 2 0 
2 1 1 1 1 2 2 1 1 1 1 1 2 2 1 1 1 2 1 2 2 1 1 1 2 1 2 2 1 2 1 2 2 1 2 1 1 1 2 2 2 1 1 2 1 1 1 1 2 2 1 1 2 2 1 2 1 2 2 2
150 30 88 1 
2 2 1 1 1 1 2 2 2 1 1 1 2 2 2 1 2 1 2 1 2 2 2 1 2 2 1 2 1 2 2 2 1 1 1 1 1 1 2 2 1 2 1 1 1 1 1 1 2 2 1 1 2 2 2 2 2 2 1 2
231 80 56 0 
2 1 1 2 1 1 2 2 1 1 1 2 2 2 1 1 2 2 2 2 1 2 1 2 1 1 2 1 1 1 1 1 1 1 2 1 1 1 2 2 1 1 2 2 1 1 1 1 2 2 1 1 2 2 2 1 2 1 2 1
97 50 38 1 
1 2 2 1 2 2 1 1 1 1 1 1 2 2 2 2 1 2 2 2 1 1 1 1 1 2 2 2 2 1 1 2 1 1 1 1 1 1 2 2 2 1 1 2 1 1 1 1 2 2 1 1 2 2 1 2 2 2 2 2
180 70 55 1 
2 2 1 1 2 1 1 1 1 1 1 1 2 2 2 1 2 1 2 2 1 2 1 2 1 1 1 1 2 2 2 1 1 2 1 1 1 2 2 2 1 2 1 1 1 1 1 1 2 2 1 1 1 2 1 2 2 1 1 2
135 52 31 0 
2 1 1 2 2 1 1 1 1 1 2 1 2 2 2 1 1 1 1 2 1 1 1 1 2 1 1 2 1 2 2 2 1 1 1 1 1 2 2 1 1 1 2 2 1 1 1 1 2 2 1 1 1 2 2 2 2 2 2 2
35 5 17 0 
2 1 1 2 2 1 1 1 1 1 1 2 2 2 1 1 2 2 1 2 2 1 1 1 2 2 2 2 2 1 2 1 1 2 2 1 1 2 2 2 1 2 2 1 1 1 1 1 2 2 1 2 2 2 2 1 2 1 2 2
300 36 90 1 
2 2 2 1 2 1 1 2 1 1 1 2 2 2 1 2 2 2 2 1 1 2 2 1 1 1 1 2 1 2 1 2 1 1 1 1 2 2 2 1 1 1 2 1 1 1 1 1 2 2 2 1 2 2 2 1 2 1 2 2
290 260 11 0 
1 2 1 1 2 2 1 1 2 2 2 2 2 2 2 1 2 1 2 2 2 2 2 2 2 2 2 2 2 2 2 2 1 2 1 2 2 2 2 2 1 1 1 2 1 1 1 1 2 2 1 1 2 2 1 1 1 1 2 1
201 61 37 1 
2 2 1 2 2 2 1 2 1 2 1 2 1 2 1 1 1 2 1 2 1 2 1 2 1 1 2 2 2 2 2 2 1 1 2 1 1 1 2 2 2 1 2 1 1 1 1 1 1 2 1 2 1 2 2 1 2 1 2 2
258 219 20 1 
2 2 1 1 2 1 1 2 1 1 1 1 1 2 1 1 1 2 1 2 2 1 2 1 2 1 1 2 2 2 2 2 1 1 1 1 1 1 2 2 1 1 2 2 1 1 1 1 2 2 2 1 2 2 2 2 1 1 2 2
189 82 122 1 
2 2 2 1 2 1 2 2 1 1 1 2 1 1 2 1 2 2 2 2 1 1 1 1 1 1 1 1 2 2 2 2 1 1 2 1 1 1 1 2 1 1 2 2 1 1 1 1 2 2 1 2 2 2 1 1 1 1 2 2
248 175 106 0 
1 2 1 1 2 2 2 2 2 1 2 1 2 2 1 1 2 2 2 2 1 2 1 2 1 1 1 2 1 1 2 1 1 1 2 2 1 1 1 1 2 1 2 2 1 1 1 1 2 2 1 1 2 2 1 1 1 2 2 1
50 39 14 1 
1 1 2 2 1 2 2 1 1 1 1 1 2 2 2 1 2 1 2 2 2 1 1 1 1 1 1 2 1 2 1 2 1 1 1 1 1 2 2 1 2 1 1 1 1 1 1 1 2 1 1 1 2 1 1 2 2 2 2 2
243 83 126 1 
2 2 1 1 1 2 2 2 1 1 2 2 2 2 1 1 1 1 1 1 2 2 2 2 1 1 2 2 1 1 1 1 2 2 2 2 2 2 1 1 2 2 1 1 1 1 1 1 2 2 1 1 2 2 2 1 2 1 1 2
242 26 11 0 
2 2 1 2 2 2 2 1 1 1 1 1 2 2 2 2 2 2 2 2 2 2 2 2 1 1 2 2 2 1 1 1 1 2 1 2 1 2 2 1 1 1 2 2 1 1 1 1 2 2 1 2 2 2 2 1 2 1 1 2
181 85 11 1 
2 2 1 2 1 2 1 1 1 1 1 1 2 2 2 2 1 1 2 1 2 2 2 2 1 2 1 2 1 2 1 2 1 2 1 2 1 2 1 1 2 2 2 1 1 1 2 1 1 2 1 2 1 2 2 1 2 1 2 2
282 225 230 0 
2 2 1 1 2 2 1 2 1 1 1 2 2 2 1 1 1 2 2 1 2 2 2 1 1 2 2 2 2 1 1 1 1 2 2 1 1 2 2 2 1 2 1 1 1 1 1 1 1 2 1 1 2 2 2 1 2 1 1 2
169 8 55 1 
2 2 1 1 1 1 2 2 1 1 1 1 2 1 1 1 1 1 1 1 2 2 1 2 1 1 2 1 1 1 1 1 2 2 2 2 2 1 1 2 1 1 2 1 1 1 1 1 2 2 1 1 2 2 1 2 1 2 2 1
70 29 23 1 
2 1 1 1 2 2 1 1 1 1 1 1 2 2 2 2 2 2 2 2 1 1 1 1 1 1 2 1 2 2 1 2 1 1 1 1 2 1 1 2 1 1 1 2 1 1 1 1 2 2 1 2 1 2 1 2 1 2 2 1
155 27 68 0 
2 2 1 2 2 2 2 2 1 1 1 1 2 1 1 1 2 2 2 1 1 2 1 1 1 2 2 1 2 2 2 1 1 1 1 2 1 1 2 2 1 1 1 1 2 1 2 1 1 2 1 1 2 2 2 2 2 1 1 2
191 71 55 1 
2 2 1 1 1 1 2 2 1 1 1 1 2 1 1 1 1 1 1 2 2 2 2 2 1 1 1 1 2 1 2 1 1 2 1 2 2 1 1 2 1 1 2 1 1 1 1 1 2 2 1 1 2 2 2 2 2 2 1 1
223 129 46 1 
2 2 1 2 1 2 2 2 1 1 1 1 1 2 1 1 1 1 2 2 2 2 2 2 2 1 1 2 1 2 2 1 1 1 1 2 1 1 2 2 1 2 2 1 1 1 1 1 1 2 1 1 2 2 2 1 2 1 1 2
57 26 23 1 
2 1 1 1 2 2 2 1 1 2 1 1 2 2 2 2 2 1 2 2 2 1 2 1 1 1 2 2 2 2 1 2 1 1 1 1 1 1 1 2 1 2 1 2 2 1 2 1 1 1 1 1 1 1 2 2 2 1 1 2
84 1 4 0 
2 2 2 1 2 1 2 2 1 2 1 1 2 1 1 1 1 1 1 1 2 2 1 1 2 2 2 2 1 1 1 1 1 2 2 2 2 2 1 1 1 2 1 1 1 1 1 1 2 2 1 1 2 2 1 1 1 1 2 2
37 16 2 0 
2 1 2 2 2 1 2 1 2 1 2 2 1 2 1 1 2 2 2 2 2 1 2 1 1 1 2 2 1 2 1 2 1 1 1 1 1 1 2 2 1 1 1 2 1 1 1 1 2 2 2 2 2 2 1 1 1 1 2 2
107 27 81 0 
2 2 1 1 1 2 2 2 1 1 1 1 2 2 2 2 2 1 2 1 1 1 1 2 1 2 2 1 2 1 2 1 1 2 1 1 1 1 2 2 1 2 1 1 2 1 2 1 1 2 1 2 2 2 2 1 2 1 2 2
125 6 4 0 
2 2 1 1 2 1 1 1 1 1 1 1 1 1 1 1 2 2 2 2 2 2 1 2 2 2 2 1 1 1 1 1 1 2 2 2 1 2 2 1 2 2 1 2 1 1 1 1 2 2 1 1 2 2 2 2 1 2 2 1
157 104 66 0 
2 2 1 1 1 1 1 2 2 1 2 1 2 1 2 1 2 1 2 1 2 2 1 1 2 2 1 1 1 2 2 2 1 1 1 1 1 2 2 2 1 2 2 1 1 1 1 1 2 2 2 1 2 2 2 2 2 2 2 2
288 89 130 0 
2 1 1 2 1 2 1 2 1 2 1 1 1 2 1 1 2 2 2 2 1 2 1 1 2 1 1 1 2 2 2 2 1 1 2 1 1 2 2 1 1 1 1 2 1 1 1 1 2 2 2 1 2 2 2 1 1 1 2 2
163 87 90 0 
2 2 1 1 2 1 1 1 1 1 1 2 2 2 2 2 2 2 2 1 2 2 2 1 1 1 1 1 2 2 1 2 1 1 2 1 1 1 2 2 2 1 1 1 1 1 1 1 1 2 1 1 2 2 2 1 2 1 1 2
159 89 99 1 
2 2 1 2 2 2 2 2 1 2 2 1 1 2 1 1 2 1 2 2 1 2 1 2 1 2 1 2 2 2 2 2 1 1 2 2 1 2 2 2 1 1 1 2 1 1 1 2 2 2 1 1 2 2 2 2 1 2 2 1
53 29 38 1 
2 2 1 1 2 2 2 1 1 1 1 1 2 1 1 1 2 2 2 2 2 1 1 1 2 1 1 2 1 2 1 2 1 1 1 2 2 1 1 2 1 2 2 1 1 1 1 1 2 2 1 1 1 2 1 2 2 1 2 2
133 57 20 0 
1 1 1 1 2 1 2 2 1 1 1 1 2 2 2 1 2 1 2 1 2 2 2 1 1 2 2 2 2 1 2 2 1 1 1 1 1 1 2 2 2 1 1 1 2 1 2 1 1 2 1 1 1 2 2 1 1 1 2 2
238 220 212 0 
1 2 2 1 2 1 1 1 1 1 1 2 1 2 1 2 1 2 1 2 2 1 2 2 1 1 2 2 2 2 1 2 2 1 2 1 1 1 2 2 2 1 2 2 1 1 1 1 1 2 2 1 2 2 2 2 1 1 2 2
279 111 249 1 
2 2 2 2 1 1 2 2 1 2 1 1 1 2 1 1 1 2 2 1 1 2 1 1 1 1 1 1 1 2 1 2 1 1 1 2 1 1 2 1 2 1 1 2 1 1 1 1 2 2 1 1 2 2 2 1 1 2 1 2
101 28 25 0 
2 2 2 1 2 2 2 1 1 1 1 2 2 2 2 1 2 2 2 2 1 1 1 1 1 1 2 1 2 1 2 1 1 1 2 2 1 1 2 2 1 2 2 1 1 1 1 1 2 2 1 1 2 2 1 2 1 2 2 2
299 45 100 0 
2 2 1 2 2 2 1 2 1 1 1 1 2 1 1 1 2 1 2 1 2 2 1 1 1 1 1 1 2 1 2 1 1 1 1 1 1 1 2 1 2 1 1 1 1 1 1 1 2 2 2 1 2 2 2 1 2 1 2 2
145 117 56 1 
1 2 2 1 1 2 1 2 1 2 2 1 2 2 2 1 2 2 2 2 1 1 1 1 1 1 2 2 2 2 1 2 1 2 1 2 1 2 2 1 1 1 2 2 1 1 1 1 2 2 2 1 2 2 1 1 1 1 2 1
298 104 86 0 
2 2 1 1 2 2 1 1 1 1 2 2 1 2 1 2 1 2 1 2 2 1 1 1 2 1 1 1 2 2 2 2 1 1 1 1 1 2 2 2 2 2 1 1 1 1 1 1 2 2 1 1 1 2 2 2 1 2 2 2
28 6 14 1 
2 2 2 1 2 2 2 2 1 2 1 1 2 2 2 1 2 1 2 2 2 1 1 1 2 1 1 2 1 2 1 2 1 1 2 1 1 1 2 2 1 1 2 2 1 1 1 1 2 2 1 1 2 1 1 2 1 2 2 2
144 60 43 0 
2 2 2 1 2 1 1 2 1 1 1 1 2 2 2 1 2 1 2 1 2 2 2 2 1 1 2 1 2 1 2 1 1 2 1 2 1 2 2 2 2 2 1 1 1 1 1 1 2 2 1 1 2 2 2 1 2 1 2 2
247 170 64 0 
1 2 2 1 2 2 2 1 1 1 2 1 1 1 1 1 2 1 2 2 2 2 2 2 1 2 2 1 1 2 1 2 2 1 2 1 1 1 1 2 2 1 2 2 1 1 1 1 2 1 1 2 2 2 2 2 1 1 1 2
74 16 21 1 
2 1 2 2 2 2 2 1 2 1 1 1 2 2 1 1 2 2 2 2 2 2 2 1 1 1 2 1 1 2 1 2 1 1 2 1 1 1 1 2 1 1 1 2 1 1 1 1 2 2 2 1 2 2 1 1 1 2 2 2
151 92 100 1 
2 1 1 2 2 2 1 2 1 2 1 2 2 1 1 1 2 1 2 2 1 1 2 1 1 1 1 1 2 1 2 1 1 1 1 1 1 1 1 2 2 1 2 1 1 1 1 1 2 2 1 1 2 2 2 1 1 1 2 2
217 89 56 1 
2 1 2 1 1 2 2 2 1 1 2 2 1 2 1 2 2 2 2 2 2 2 1 2 2 1 1 1 1 1 1 1 1 1 1 1 1 1 2 2 1 1 1 2 1 1 1 1 2 2 1 1 2 2 2 1 1 1 2 1
190 123 12 1 
1 2 2 2 2 2 2 2 1 1 1 1 2 2 2 1 2 1 2 1 1 2 1 2 1 1 2 1 2 1 1 1 1 1 1 1 2 1 1 2 2 2 2 1 1 1 1 1 2 2 1 1 2 2 1 1 1 1 2 2
253 75 183 0 
2 2 1 1 2 2 1 2 1 1 1 2 2 2 2 2 2 2 2 1 2 2 1 2 2 1 1 2 2 2 2 1 1 1 1 1 2 1 1 2 1 1 2 1 1 2 1 2 2 1 1 1 2 1 1 2 1 1 2 2
52 28 15 1 
2 2 1 1 2 2 2 1 1 1 1 2 2 2 2 2 1 1 2 1 1 2 1 1 2 1 1 2 1 1 2 2 1 1 1 1 1 1 2 2 1 1 2 2 1 1 1 1 2 2 1 1 1 2 2 2 2 1 2 2
226 159 99 0 
2 1 1 2 2 2 2 2 2 1 2 1 2 2 1 2 1 2 2 2 1 1 2 1 2 1 2 2 2 2 2 2 1 1 2 1 1 2 2 2 1 1 1 2 1 1 1 1 2 2 1 1 2 2 2 2 1 2 2 1
91 82 12 0 
1 2 2 2 1 2 1 2 1 1 2 1 2 2 2 1 2 1 2 1 1 2 1 2 2 1 1 1 2 2 2 1 1 1 2 1 2 1 1 2 2 2 2 1 1 1 1 1 2 2 1 1 2 2 1 1 1 1 2 2
198 154 120 1 
2 2 1 1 2 1 1 2 1 1 2 1 2 2 1 1 2 2 2 2 1 1 1 2 1 2 2 1 2 1 1 1 1 1 1 1 1 1 2 2 1 1 2 2 1 1 1 1 2 2 1 2 2 2 2 2 2 1 1 2
264 190 19 0 
2 2 2 2 2 2 2 2 1 1 1 2 2 1 1 1 2 2 1 1 2 2 2 2 1 1 2 2 2 2 1 2 1 1 1 1 1 1 2 1 2 2 1 2 1 1 1 1 2 2 1 1 2 2 1 2 1 2 2 1
48 41 15 0 
1 2 2 1 1 1 1 1 1 1 2 2 2 2 2 2 2 2 2 1 1 2 1 1 1 1 1 1 2 2 2 2 1 1 1 1 2 1 1 2 1 1 2 2 1 1 1 1 2 2 1 1 1 2 1 1 2 1 2 2
57 26 23 1 
2 1 1 1 2 2 2 1 1 2 1 1 2 2 2 2 2 1 2 2 2 1 2 1 1 1 2 2 2 2 1 2 1 1 1 1 1 1 1 2 1 2 1 2 2 1 2 1 1 1 1 1 1 1 2 2 2 1 1 2
45 18 25 1 
1 2 2 1 1 2 1 1 1 1 1 2 2 2 1 1 1 2 2 2 1 2 1 1 1 1 1 2 2 2 2 1 1 1 1 2 1 1 2 2 1 2 1 1 2 1 2 1 1 2 1 2 1 2 2 2 2 2 1 2
29 6 21 1 
2 1 1 2 2 2 1 2 1 2 1 1 2 2 2 1 2 1 2 2 2 1 1 1 2 1 1 2 1 2 1 2 1 1 2 1 1 2 2 1 2 1 1 2 1 1 1 1 2 2 1 1 2 1 2 1 1 2 2 2
136 111 11 0 
2 2 1 2 1 2 2 2 1 2 1 1 1 2 1 2 1 2 2 2 2 2 1 2 1 2 2 2 2 2 2 2 1 1 1 1 1 1 2 1 2 2 2 1 1 1 1 1 1 2 1 1 2 2 2 1 1 1 2 1
